97            
1;1311;2
0;238.667;334.406;2057.01;-0.0156028;0.00307259;0.00545983;0.999859;0.7;0.7
4;-38.3787;266.314;1954.09;-0.314879;0.796633;0.482525;-0.182747;0.7;0.7
13;169.109;-1143.08;2087.2;0;0;0;0;0.7;0
6;197.725;484.15;1958.17;0;0;0;0;0.7;0
9;126.058;-334.008;1968.69;-0.0312327;0.177169;-0.0129301;0.9836;0.7;0.7
11;120.209;-740.12;1995.56;-0.119961;0.181788;0.0378857;0.975257;0.7;0.7
2;67.6624;73.4427;2066.45;0.548356;-0.504144;-0.176876;0.643319;0.7;0.7
1;241.543;73.3699;2065.15;-0.0156028;0.00307259;0.00545983;0.999859;0.7;0.7
5;545.72;244.358;1955.67;0.300589;0.796849;0.492987;0.177883;0.7;0.7
14;337.503;-1195.01;2029.84;0;0;0;0;0.7;0
7;307.9;450.225;1959.72;0;0;0;0;0.7;0
10;355.235;-334.104;1966.98;-0.0642051;-0.15154;0.0174202;0.98621;0.7;0.7
12;361.649;-760.716;2023.76;-0.0111191;-0.15135;-0.0263859;0.988065;0.7;0.7
3;415.424;73.2971;2063.85;0.55756;0.454795;0.150053;0.678065;0.7;0.7
8;241.095;-130.343;2016.49;0.116969;0.00368058;-0.000644297;0.993129;0.7;0.7
1;1312;2
0;241.452;337.294;2059.64;-0.0110724;0.00805994;-0.00379327;0.999899;0.7;0.7
4;-18.6401;269.265;1957.12;-0.327963;0.796416;0.47095;-0.1907;0.7;0.7
13;168.029;-1114.02;2079.09;0;0;0;0;0;0
6;194.733;479.602;1958.67;0;0;0;0;0.7;0
9;125.272;-334.549;1969.25;-0.0326263;0.181115;-4.41516e-05;0.98292;0.7;0.7
11;130.005;-737.167;1995.14;-0.116185;0.181915;0.0285551;0.976009;0.7;0
2;68.3958;72.1863;2068.06;0.541771;-0.533458;-0.189311;0.621344;0.7;0.7
1;239.492;72.7226;2065.52;-0.0110724;0.00805994;-0.00379327;0.999899;0.7;0.7
5;525.277;244.162;1950.12;0.313645;0.803104;0.479303;0.164071;0.7;0.7
14;335.973;-1185.47;2036.23;0;0;0;0;0.7;0
7;291.617;450.273;1961.7;0;0;0;0;0.7;0
10;353.351;-333.834;1965.86;0.0719548;-0.1474;-0.0133498;0.986366;0.7;0.7
12;351.476;-695.907;1912.47;-0.124396;-0.1368;0.00170366;0.982755;0.7;0.7
3;410.589;73.2589;2062.97;0.554329;0.484637;0.144308;0.661076;0.7;0.7
8;239.402;-130.735;2016.54;0.117844;0.00756483;0.000680265;0.993003;0.7;0.7
1;1313;2
0;241.179;338.295;2060.64;-0.00860006;0.0105781;-0.00270875;0.999903;0.7;0.7
4;-9.34709;274.545;1957.93;-0.324907;0.796926;0.468004;-0.200791;0.7;0.7
13;167.906;-1116.41;2068.2;0;0;0;0;0;0
6;189.884;473.09;1953.45;0;0;0;0;0.7;0
9;125.609;-333.984;1969.5;-0.0353281;0.183926;0.00813709;0.982271;0.7;0.7
11;137.303;-736.4;1996.29;-0.098856;0.183149;0.0218192;0.977859;0.7;0
2;69.6193;72.2034;2068.65;0.532275;-0.54477;-0.203162;0.615332;0.7;0.7
1;239.789;72.7733;2065.23;-0.00860006;0.0105781;-0.00270875;0.999903;0.7;0.7
5;514.6;244.598;1944.65;0.333603;0.804814;0.46401;0.160244;0.7;0.7
14;345.739;-1103.83;2003.11;0;0;0;0;0;0
7;288.357;458.26;1960.75;0;0;0;0;0.7;0
10;352.746;-333.223;1964.92;0.0843362;-0.146409;0.00864674;0.985585;0.7;0.7
12;369.586;-730.9;1898.87;-0.13872;-0.14285;-0.0111424;0.979911;0.7;0
3;409.959;73.3432;2061.8;0.555306;0.506577;0.135027;0.645588;0.7;0.7
8;239.483;-130.415;2016.22;0.118064;0.0101888;0.000474666;0.992954;0.7;0.7
1;1314;2
0;241.798;338.493;2061.77;0.00275151;0.0200362;-0.006171;0.999776;0.7;0.7
4;-10.6099;273.747;1955.61;-0.310482;0.798992;0.470633;-0.209089;0.7;0.7
13;169.237;-1113.56;2058.88;0;0;0;0;0;0
6;187.692;464.662;1944.07;0;0;0;0;0.7;0
9;120.89;-329.484;1971.51;-0.0407902;0.193182;0.0178671;0.980152;0.7;0.7
11;141.37;-731.158;2000.98;-0.080469;0.19193;0.0209519;0.97788;0.7;0
2;71.0045;71.6164;2066.78;0.523236;-0.537697;-0.210044;0.626888;0.7;0.7
1;238.483;72.1905;2060.37;0.00275151;0.0200362;-0.006171;0.999776;0.7;0.7
5;505.094;246.891;1937.53;0.342031;0.802869;0.465012;0.148928;0.7;0.7
14;341.869;-1104.34;2022.38;0;0;0;0;0;0
7;281.494;459.972;1962;0;0;0;0;0.7;0
10;351.684;-328.692;1962.68;0.0501416;-0.137029;-0.00303003;0.989293;0.7;0.7
12;354.807;-729.931;1922.33;-0.131215;-0.130608;0.000462828;0.982712;0.7;0
3;405.961;72.7646;2053.96;0.561279;0.517612;0.134862;0.63155;0.7;0.7
8;237.385;-128.449;2013.73;0.113978;0.0192042;-0.000479384;0.993298;0.7;0.7
1;1315;2
0;243.027;338.783;2064.49;0.00366691;0.019138;-0.00589306;0.999793;0.7;0.7
4;-11.5332;271.447;1956.39;-0.317411;0.800077;0.46877;-0.198447;0.7;0.7
13;166.57;-1113.87;2057.64;0;0;0;0;0;0
6;192.538;468.209;1950.73;0;0;0;0;0.7;0
9;121.802;-329.655;1969.9;-0.0460664;0.19237;0.0213085;0.980009;0.7;0.7
11;145.783;-730.692;2002.99;-0.0745298;0.190717;0.0128751;0.978727;0.7;0
2;71.8211;71.8878;2068.79;0.53003;-0.537997;-0.198906;0.624551;0.7;0.7
1;239.845;71.9737;2062.59;0.00366691;0.019138;-0.00589306;0.999793;0.7;0.7
5;499.878;244.917;1931.34;0.335752;0.816508;0.447332;0.143105;0.7;0.7
14;343.999;-1106.58;2031.28;0;0;0;0;0;0
7;285.57;442.497;1950.83;0;0;0;0;0.7;0
10;351.156;-329.538;1961.45;0.0348842;-0.138421;0.00605565;0.98974;0.7;0.7
12;359.882;-731.641;1934.29;-0.127789;-0.135863;-0.00318166;0.982447;0.7;0
3;407.869;72.0596;2056.4;0.544539;0.534498;0.12772;0.633622;0.7;0.7
8;238.162;-128.811;2014.14;0.118187;0.0183149;-0.00192302;0.992821;0.7;0.7
1;1316;2
0;243.299;338.875;2067.05;0.00667138;0.0165039;-0.00454032;0.999831;0.7;0.7
4;-15.6466;269.533;1953.85;-0.321419;0.801581;0.466532;-0.191066;0.7;0.7
13;171.598;-1118.8;2061.74;0;0;0;0;0;0
6;192.265;469.708;1952;0;0;0;0;0.7;0
9;122.088;-329.624;1968.42;-0.0496427;0.190252;0.0253994;0.98015;0.7;0.7
11;149.979;-733.208;2004.02;-0.0780536;0.188197;0.0132712;0.978935;0.7;0
2;71.9799;72.0225;2068.99;0.534681;-0.534764;-0.187293;0.626949;0.7;0.7
1;240.812;71.4894;2063.53;0.00667138;0.0165039;-0.00454032;0.999831;0.7;0.7
5;498.664;240.825;1925.09;0.361975;0.817528;0.428682;0.129824;0.7;0.7
14;341.418;-1112.53;2035.37;0;0;0;0;0;0
7;297.071;442.108;1953.17;0;0;0;0;0.7;0
10;350.608;-330.345;1961.03;0.0331955;-0.140707;0.00253813;0.989491;0.7;0.7
12;356.442;-735.555;1934.64;-0.131539;-0.136688;-0.00128051;0.981841;0.7;0
3;409.644;70.9562;2058.06;0.552163;0.547139;0.099552;0.621164;0.7;0.7
8;238.58;-129.248;2014.13;0.120422;0.015861;-0.0035141;0.99259;0.7;0.7
1;1317;2
0;243.83;339.287;2069.12;0.00721372;0.00839761;-0.00443745;0.999929;0.7;0.7
4;-17.8406;267.973;1948.58;-0.31222;0.807205;0.463931;-0.188962;0.7;0.7
13;179.952;-1169.72;2069.92;0;0;0;0;0.7;0
6;195.676;465.703;1944.1;0;0;0;0;0.7;0
9;133.227;-314.445;1965.4;-0.0528596;0.180572;0.0133041;0.98205;0.7;0.7
11;152.709;-742.693;2008.06;-0.0762937;0.180226;0.0181098;0.980495;0.7;0.7
2;73.6792;72.2048;2067.86;0.528683;-0.53048;-0.182229;0.637086;0.7;0.7
1;241.432;72.6611;2065.29;0.00721372;0.00839761;-0.00443745;0.999929;0.7;0.7
5;499.078;239.112;1924.13;0.357668;0.82447;0.42077;0.123597;0.7;0.7
14;337.454;-1101.02;2047.8;0;0;0;0;0;0
7;290.119;442.27;1952.59;0;0;0;0;0.7;0
10;348.634;-313.86;1962.1;-0.00216319;-0.149154;-0.00105427;0.988811;0.7;0.7
12;347.525;-719.896;1963.71;-0.109057;-0.14605;0.00308124;0.983243;0.7;0
3;409.184;73.1174;2062.73;0.545067;0.547901;0.0887436;0.628356;0.7;0.7
8;241.181;-120.746;2014.52;0.128006;0.00775814;0.000369823;0.991743;0.7;0.7
1;1318;2
0;244.047;339.551;2070.77;0.00974688;0.00873873;-0.0057315;0.999898;0.7;0.7
4;-16.9902;268.798;1948.23;-0.311415;0.808415;0.462008;-0.189828;0.7;0.7
13;183.08;-1162.47;2074.73;0;0;0;0;0.7;0
6;200.51;469.981;1942.55;0;0;0;0;0.7;0
9;128.242;-316.187;1964.77;-0.0613325;0.181378;0.0185602;0.981323;0.7;0.7
11;153.131;-736.881;2012.97;-0.0769901;0.181034;0.0212181;0.980229;0.7;0.7
2;73.4186;72.9671;2068.33;0.526425;-0.532527;-0.182503;0.637169;0.7;0.7
1;240.941;72.5742;2065.59;0.00974688;0.00873873;-0.0057315;0.999898;0.7;0.7
5;499.76;236.319;1921.64;0.353939;0.82778;0.418059;0.121386;0.7;0.7
14;342.994;-1165.07;2063.18;0;0;0;0;0.7;0
7;293.584;433.18;1948.84;0;0;0;0;0.7;0
10;348.461;-316.703;1961.17;0.000117861;-0.14863;-0.0267883;0.98853;0.7;0.7
12;324.909;-761.044;1957.52;-0.123303;-0.134804;0.0389401;0.982399;0.7;0.7
3;408.463;72.1814;2062.85;0.541214;0.546446;0.0844597;0.633522;0.7;0.7
8;239.646;-121.935;2014.28;0.128622;0.00795103;-0.00221354;0.991659;0.7;0.7
1;1319;2
0;244.346;340.038;2072.82;0.0167348;0.0141876;-0.00877344;0.999721;0.7;0.7
4;-17.1381;265.976;1947.72;-0.31389;0.808181;0.457883;-0.196619;0.7;0.7
13;183.785;-1156.17;2077.81;0;0;0;0;0.7;0
6;194.592;466.557;1938.86;0;0;0;0;0.7;0
9;126.221;-320.597;1966.76;-0.0674129;0.186164;0.0208572;0.979981;0.7;0.7
11;153.522;-730.261;2018.22;-0.0746697;0.185961;0.0216562;0.979476;0.7;0.7
2;73.3605;71.8709;2068.25;0.524848;-0.532124;-0.180884;0.639265;0.7;0.7
1;239.514;72.0002;2063.91;0.0167348;0.0141876;-0.00877344;0.999721;0.7;0.7
5;500.821;236.512;1920.36;0.346983;0.826553;0.426377;0.120896;0.7;0.7
14;343.945;-1108.21;2055.21;0;0;0;0;0;0
7;290.193;431.766;1948.07;0;0;0;0;0.7;0
10;348.188;-320.424;1960.96;-0.0276115;-0.143234;-0.0050269;0.989291;0.7;0.7
12;340.949;-725.219;1982.53;-0.0921679;-0.13986;0.0169759;0.985726;0.7;0
3;405.667;72.1294;2059.57;0.542457;0.538545;0.0890813;0.638572;0.7;0.7
8;238.359;-124.255;2013.89;0.124496;0.0130081;-0.00124046;0.992134;0.7;0.7
1;1320;2
0;243.594;339.392;2072.97;0.0171751;0.0189956;-0.00562541;0.999656;0.7;0.7
4;-17.6343;263.734;1947.92;-0.314502;0.810376;0.454773;-0.193805;0.7;0.7
13;177.853;-1107.99;2071.9;0;0;0;0;0;0
6;196.965;466.216;1939.64;0;0;0;0;0.7;0
9;125.567;-321.401;1967.12;-0.0689875;0.191297;0.0173245;0.978952;0.7;0.7
11;150.021;-722.733;2019.19;-0.0734171;0.191485;0.0221151;0.978496;0.7;0
2;73.476;72.0483;2070;0.524418;-0.532188;-0.175256;0.641129;0.7;0.7
1;240.407;71.7156;2063.83;0.0171751;0.0189956;-0.00562541;0.999656;0.7;0.7
5;500.703;236.015;1917.82;0.337192;0.83102;0.42583;0.119904;0.7;0.7
14;344.246;-1109.88;2053.64;0;0;0;0;0;0
7;275.913;436.235;1944.38;0;0;0;0;0.7;0
10;346.229;-321.841;1958.96;-0.0300585;-0.137698;-0.00220942;0.990016;0.7;0.7
12;341.099;-726.538;1982.85;-0.0897912;-0.134999;0.0163775;0.986633;0.7;0
3;407.338;71.383;2057.66;0.534977;0.541105;0.0939621;0.642009;0.7;0.7
8;238.153;-124.953;2013.43;0.125169;0.0182018;-0.00330052;0.991963;0.7;0.7
1;1321;2
0;243.924;337.924;2072.49;0.0170729;0.0178691;-0.00537147;0.99968;0.7;0.7
4;-18.6688;261.904;1946.44;-0.315821;0.811163;0.452155;-0.194491;0.7;0.7
13;178.657;-1154.63;2084.18;0;0;0;0;0.7;0
6;192.77;462.662;1937.71;0;0;0;0;0.7;0
9;125.208;-318.179;1966.4;-0.0729073;0.190308;0.0155978;0.978889;0.7;0.7
11;149.703;-733.75;2023.89;-0.0761586;0.190517;0.0198886;0.978523;0.7;0.7
2;73.5295;72.3942;2069.32;0.524328;-0.53082;-0.171077;0.643462;0.7;0.7
1;240.899;71.5949;2063.44;0.0170729;0.0178691;-0.00537147;0.99968;0.7;0.7
5;500.72;234.358;1917.51;0.350558;0.827382;0.424264;0.112019;0.7;0.7
14;343.597;-1164.05;2062.52;0;0;0;0;0.7;0
7;284.648;434.434;1950.72;0;0;0;0;0.7;0
10;345.766;-319.233;1958.64;-0.0299758;-0.138488;-0.00188863;0.989909;0.7;0.7
12;340.854;-726.414;1982.64;-0.0888784;-0.135958;0.0153731;0.9866;0.7;0.7
3;408.269;70.7955;2057.56;0.543904;0.543763;0.0840218;0.633586;0.7;0.7
8;238.193;-123.556;2012.98;0.126264;0.0171288;-0.00458676;0.991838;0.7;0.7
1;1322;2
0;244.284;336.77;2072.05;0.0188041;0.01842;-0.00708918;0.999628;0.7;0.7
4;-20.3888;259.327;1944.37;-0.311847;0.812868;0.449158;-0.200636;0.7;0.7
13;175.848;-1153.9;2091.65;0;0;0;0;0.7;0
6;194.968;463.461;1930.69;0;0;0;0;0.7;0
9;124.92;-316.489;1965.1;-0.076725;0.190195;0.0136704;0.978648;0.7;0.7
11;148.61;-734.808;2026.49;-0.0816486;0.190296;0.0168752;0.97818;0.7;0.7
2;73.1221;72.0591;2068.1;0.519518;-0.527846;-0.170565;0.649913;0.7;0.7
1;240.336;71.4479;2062.14;0.0188041;0.01842;-0.00708918;0.999628;0.7;0.7
5;501.63;234.827;1918.1;0.341389;0.828114;0.428508;0.11858;0.7;0.7
14;342.293;-1153.72;2057.02;0;0;0;0;0.7;0
7;287.197;428.436;1946.01;0;0;0;0;0.7;0
10;345.709;-317.296;1957.22;0.0129737;-0.138698;-0.0135863;0.990156;0.7;0.7
12;336.639;-706.181;1945.76;-0.119679;-0.129611;0.0219916;0.98407;0.7;0.7
3;407.551;70.8367;2056.18;0.540011;0.538999;0.0924847;0.639776;0.7;0.7
8;237.826;-122.722;2011.65;0.126939;0.0174512;-0.00407533;0.991749;0.7;0.7
1;1323;2
0;244.349;335.839;2071.95;0.0199905;0.0199049;-0.00738116;0.999575;0.7;0.7
4;-22.1408;254.709;1939.07;-0.324976;0.815474;0.438663;-0.19227;0.7;0.7
13;175.253;-1153.35;2095.01;0;0;0;0;0.7;0
6;188.705;460.793;1930.67;0;0;0;0;0.7;0
9;124.497;-314.423;1965.08;-0.0721055;0.191202;0.00552328;0.978883;0.7;0.7
11;140.65;-730.798;2023.59;-0.0896483;0.192345;0.0235418;0.97694;0.7;0.7
2;72.6937;71.5032;2067.9;0.524562;-0.5312;-0.151225;0.647913;0.7;0.7
1;240.224;70.7962;2061.42;0.0199905;0.0199049;-0.00738116;0.999575;0.7;0.7
5;502.65;233.567;1917.85;0.336781;0.828733;0.43019;0.121311;0.7;0.7
14;338.618;-1094.12;2024.03;0;0;0;0;0;0
7;283.421;428.876;1944;0;0;0;0;0.7;0
10;344.914;-315.353;1956.56;0.0383253;-0.137379;-0.0200208;0.989574;0.7;0.7
12;333.145;-718.366;1923.65;-0.128223;-0.124254;0.0233497;0.983654;0.7;0
3;407.754;70.0892;2054.95;0.537891;0.536322;0.095702;0.64333;0.7;0.7
8;237.465;-122.046;2011.12;0.127333;0.0188983;-0.00455276;0.99167;0.7;0.7
1;1324;2
0;244.888;330.943;2063.87;0.00317083;0.0206042;-0.00907077;0.999741;0.7;0.7
4;-23.0953;252.821;1936.47;-0.330096;0.818618;0.433714;-0.181089;0.7;0.7
13;169.858;-1093.74;2092.59;0;0;0;0;0;0
6;190.544;460.806;1933.44;0;0;0;0;0.7;0
9;123.63;-312.461;1965.61;-0.0698878;0.191944;0.00834271;0.978879;0.7;0.7
11;141.085;-712.868;2019.65;-0.0996757;0.191979;0.0182974;0.976153;0.7;0
2;72.1452;71.9072;2068.98;0.527035;-0.534079;-0.138942;0.646288;0.7;0.7
1;240.138;70.9899;2062.32;0.00317083;0.0206042;-0.00907077;0.999741;0.7;0.7
5;503.398;234.44;1918.57;0.332249;0.829755;0.430661;0.125091;0.7;0.7
14;341.355;-1092.13;2023.56;0;0;0;0;0;0
7;284.071;427.724;1941.62;0;0;0;0;0.7;0
10;344.442;-313.666;1956.86;0.0425667;-0.137894;0.00223087;0.989529;0.7;0.7
12;350.975;-716.611;1923.04;-0.130865;-0.132778;0.00509558;0.982455;0.7;0
3;408.131;70.0727;2055.66;0.534691;0.535459;0.0998187;0.646085;0.7;0.7
8;237.087;-121.037;2011.78;0.128443;0.0192859;-0.00524956;0.991515;0.7;0.7
1;1325;2
0;245.365;334.251;2065.88;0.00842143;0.0243017;-0.00960899;0.999623;0.7;0.7
4;-23.0621;254.007;1936.2;-0.335332;0.816953;0.432092;-0.182859;0.7;0.7
13;175.013;-1152.81;2107.8;0;0;0;0;0.7;0
6;186.047;462.435;1933.55;0;0;0;0;0.7;0
9;122.719;-312.511;1967.08;-0.0727116;0.195842;0.0144547;0.977829;0.7;0.7
11;145.397;-707.738;2021.64;-0.0998766;0.194747;0.013473;0.975662;0.7;0.7
2;72.1613;71.5811;2069.44;0.529344;-0.535575;-0.137644;0.643435;0.7;0.7
1;240.194;70.7861;2061.56;0.00842143;0.0243017;-0.00960899;0.999623;0.7;0.7
5;503.389;235.575;1919.14;0.330014;0.827729;0.43834;0.11753;0.7;0.7
14;340.479;-1090.09;2020.05;0;0;0;0;0;0
7;281.387;426.627;1947.02;0;0;0;0;0.7;0
10;344.69;-313.562;1956.67;0.0469722;-0.133931;-0.00452241;0.989866;0.7;0.7
12;346.155;-715.453;1918.64;-0.131643;-0.126184;0.00945852;0.983188;0.7;0
3;408.227;69.991;2053.68;0.538879;0.534479;0.103249;0.642869;0.7;0.7
8;236.949;-121.125;2011.72;0.126854;0.0229331;-0.00531673;0.991642;0.7;0.7
1;1326;2
0;246.02;336.201;2066.74;0.00871232;0.0287592;-0.0101133;0.999497;0.7;0.7
4;-22.6292;254.153;1937.63;-0.335952;0.817443;0.430183;-0.184027;0.7;0.7
13;173.442;-1148.78;2111.62;0;0;0;0;0.7;0
6;184.896;461.982;1934.15;0;0;0;0;0.7;0
9;122.617;-312.871;1967.99;-0.0719855;0.199999;0.0130088;0.977062;0.7;0.7
11;143.979;-702.682;2021.36;-0.103978;0.198706;0.0119426;0.974455;0.7;0.7
2;72.5276;71.9978;2071.63;0.528482;-0.53614;-0.136484;0.643919;0.7;0.7
1;240.528;71.2004;2062.28;0.00871232;0.0287592;-0.0101133;0.999497;0.7;0.7
5;503.657;235.298;1918.4;0.315368;0.832879;0.437104;0.125678;0.7;0.7
14;338.523;-1160.36;2039.14;0;0;0;0;0.7;0
7;280.946;419.14;1937.6;0;0;0;0;0.7;0
10;343.599;-313.92;1955.68;0.0442868;-0.129704;-0.00235291;0.99056;0.7;0.7
12;346.346;-714.784;1920.12;-0.130173;-0.123197;0.00768148;0.983778;0.7;0.7
3;408.528;70.403;2052.92;0.52727;0.532394;0.11182;0.652717;0.7;0.7
8;236.818;-121.098;2012.05;0.127577;0.0272878;-0.00590136;0.991436;0.7;0.7
1;1327;2
0;245.532;337.806;2067.31;0.00948383;0.0335021;-0.00991699;0.999344;0.7;0.7
4;-21.8433;253.235;1938;-0.335907;0.818754;0.425046;-0.190116;0.7;0.7
13;170.388;-1088.3;2089.22;0;0;0;0;0;0
6;182.423;460.301;1930.51;0;0;0;0;0.7;0
9;121.075;-308.647;1967.8;-0.0563817;0.204687;0.0128943;0.977117;0.7;0.7
11;140.561;-709.544;2010.14;-0.108234;0.202998;0.0169147;0.973032;0.7;0
2;72.5424;72.079;2073.34;0.52447;-0.537563;-0.135753;0.646164;0.7;0.7
1;240.082;71.5319;2062.44;0.00948383;0.0335021;-0.00991699;0.999344;0.7;0.7
5;503.214;234.947;1916.87;0.310536;0.834799;0.435035;0.131995;0.7;0.7
14;337.009;-1156.95;2046.9;0;0;0;0;0.7;0
7;281.095;417.096;1931.19;0;0;0;0;0.7;0
10;343.353;-309.373;1953.34;0.0372245;-0.125761;0.0117369;0.991292;0.7;0.7
12;356.488;-710.664;1924.83;-0.134636;-0.125122;-0.00425871;0.982955;0.7;0.7
3;407.622;70.9848;2051.54;0.522122;0.530608;0.114356;0.65785;0.7;0.7
8;236.148;-118.739;2011.51;0.130644;0.0319781;-0.00586041;0.990896;0.7;0.7
1;1328;2
0;245.135;341.504;2067.93;0.0101959;0.0319308;-0.0090448;0.999397;0.7;0.7
4;-22.0837;252.131;1934.84;-0.338685;0.820616;0.419421;-0.189652;0.7;0.7
13;177.458;-1057.57;2040.17;0;0;0;0;0;0
6;180.523;459.464;1926.97;0;0;0;0;0.7;0
9;120.639;-306.723;1967.39;0.10587;-0.0505523;0.0485688;0.991906;0.7;0.7
11;164.008;-700.839;1884.29;-0.202875;-0.0629939;0.0307607;0.976692;0.7;0
2;72.7797;72.5206;2073;0.523402;-0.538744;-0.129121;0.647405;0.7;0.7
1;240.082;71.7829;2062.58;0.0101959;0.0319308;-0.0090448;0.999397;0.7;0.7
5;503.471;234.916;1918.62;0.308661;0.834274;0.437051;0.133052;0.7;0.7
14;336.707;-1148.95;2048.73;0;0;0;0;0.7;0
7;277.451;419.257;1932.58;0;0;0;0;0.7;0
10;343.461;-307.705;1953.51;0.0830715;-0.125591;-0.00838436;0.988562;0.7;0.7
12;345.175;-701.77;1887.03;-0.172517;-0.110867;0.0104459;0.978692;0.7;0.7
3;407.383;71.0453;2052.17;0.522224;0.52871;0.116475;0.658924;0.7;0.7
8;236.066;-117.716;2011.52;0.131475;0.0305311;-0.00627181;0.990829;0.7;0.7
1;1329;2
0;245.093;340.681;2069.33;0.013035;0.0325063;-0.00923825;0.999344;0.7;0.7
4;-23.0216;250.784;1933.32;-0.340523;0.820978;0.414527;-0.195467;0.7;0.7
13;181.716;-1134.27;2086.45;0;0;0;0;0.7;0
6;174.207;456.425;1922.3;0;0;0;0;0.7;0
9;119.698;-306.335;1967.32;0.0397667;-0.0524404;0.0383339;0.997095;0.7;0.7
11;150.26;-683.121;1938.78;-0.155063;-0.0565211;0.0424463;0.985373;0.7;0.7
2;72.5071;72.1731;2073.09;0.521342;-0.538442;-0.126457;0.64984;0.7;0.7
1;239.891;71.4498;2062.47;0.013035;0.0325063;-0.00923825;0.999344;0.7;0.7
5;503.235;234.035;1918.17;0.319857;0.831156;0.435624;0.130779;0.7;0.7
14;337.788;-1077.64;2021.1;0;0;0;0;0;0
7;273.633;428.787;1936.65;0;0;0;0;0.7;0
10;343.849;-307.303;1953.11;0.0691481;-0.125173;-0.00700815;0.989698;0.7;0.7
12;345.242;-708.498;1896.95;-0.161523;-0.11323;0.00889689;0.980311;0.7;0
3;407.275;70.7265;2051.86;0.529197;0.530116;0.10967;0.653376;0.7;0.7
8;235.832;-117.685;2011.34;0.131867;0.0310904;-0.00631436;0.99076;0.7;0.7
1;1330;2
0;243.904;339.796;2070.03;0.0161035;0.0308041;-0.006707;0.999373;0.7;0.7
4;-23.4802;251.713;1933.55;-0.331057;0.821676;0.422459;-0.191775;0.7;0.7
13;180.862;-1129.68;2074.73;0;0;0;0;0.7;0
6;179.316;454.174;1923.38;0;0;0;0;0.7;0
9;120.665;-307.045;1967.4;0.0261134;-0.0539572;0.0309085;0.997723;0.7;0.7
11;144.846;-680.747;1949.11;-0.133324;-0.0548948;0.0463674;0.988464;0.7;0.7
2;72.7841;71.0141;2071.59;0.519686;-0.535799;-0.134154;0.651804;0.7;0.7
1;240.024;70.4734;2061.46;0.0161035;0.0308041;-0.006707;0.999373;0.7;0.7
5;503.099;233.979;1918.16;0.312537;0.832785;0.436881;0.133885;0.7;0.7
14;338.217;-1075.82;2003.13;0;0;0;0;0;0
7;280.401;418.655;1932.67;0;0;0;0;0.7;0
10;344.728;-307.769;1953.83;0.0903742;-0.126187;-0.0099112;0.987832;0.7;0.7
12;346.035;-706.181;1880.49;-0.15959;-0.1122;0.0080253;0.980754;0.7;0
3;407.264;69.9326;2051.34;0.524594;0.529273;0.115521;0.656755;0.7;0.7
8;236.36;-118.467;2011.04;0.130238;0.0297619;-0.00553962;0.991021;0.7;0.7
1;1331;2
0;242.393;339.132;2069.49;0.0162883;0.0290585;-0.00492885;0.999433;0.7;0.7
4;-26.5148;248.605;1932.47;-0.334636;0.820026;0.421152;-0.195467;0.7;0.7
13;182.746;-1120.26;2062.87;0;0;0;0;0.7;0
6;175.96;455.085;1921.26;0;0;0;0;0.7;0
9;120.338;-307.5;1966.98;0.0225728;-0.055684;0.0360808;0.997541;0.7;0.7
11;148.413;-682.991;1951.52;-0.121627;-0.0581104;0.045465;0.98983;0.7;0.7
2;72.7908;70.2683;2070.36;0.522046;-0.530673;-0.129688;0.655008;0.7;0.7
1;239.483;69.8254;2060.79;0.0162883;0.0290585;-0.00492885;0.999433;0.7;0.7
5;503.011;233.492;1918.75;0.310934;0.83223;0.436652;0.141593;0.7;0.7
14;339.876;-1092.88;2022.71;0;0;0;0;0;0
7;282.07;418.303;1929.09;0;0;0;0;0.7;0
10;345.107;-308.097;1954.07;0.0190812;-0.128917;0.00606717;0.991453;0.7;0.7
12;351.971;-712.719;1939.38;-0.108755;-0.127683;-0.00166956;0.985833;0.7;0
3;406.175;69.3825;2051.22;0.52274;0.526572;0.118694;0.659831;0.7;0.7
8;236.103;-118.986;2010.66;0.129583;0.0282607;-0.00503283;0.991153;0.7;0.7
1;1332;2
0;240.104;338.948;2066.52;0.0136076;0.0285665;-0.00227708;0.999497;0.7;0.7
4;-28.5649;247.185;1931.48;-0.337245;0.817661;0.42136;-0.200378;0.7;0.7
13;179.681;-1092.76;2050.2;0;0;0;0;0;0
6;175.804;459.862;1918.64;0;0;0;0;0.7;0
9;119.495;-308.615;1966.2;0.00291403;-0.0565886;0.0355107;0.997762;0.7;0.7
11;148.376;-713.273;1965.47;-0.106791;-0.0582329;0.0467429;0.991473;0.7;0
2;72.6996;69.1912;2068.64;0.523983;-0.527118;-0.12931;0.656405;0.7;0.7
1;238.666;69.0645;2059.21;0.0136076;0.0285665;-0.00227708;0.999497;0.7;0.7
5;503.535;234.377;1919.5;0.313487;0.828084;0.440737;0.147489;0.7;0.7
14;339.842;-1096.35;2022.19;0;0;0;0;0;0
7;277.69;427.308;1929.03;0;0;0;0;0.7;0
10;345.958;-308.788;1953.33;0.0121792;-0.129194;0.00471228;0.991533;0.7;0.7
12;351.026;-714.337;1944.03;-0.101731;-0.12801;-0.00133098;0.986541;0.7;0
3;404.632;68.9378;2049.78;0.526905;0.522058;0.122041;0.659494;0.7;0.7
8;235.696;-119.819;2009.49;0.128495;0.0280944;-0.00402608;0.991304;0.7;0.7
1;1333;2
0;239.396;339.373;2065.83;0.013127;0.0260864;-0.0019705;0.999572;0.7;0.7
4;-31.0401;245.452;1929.64;-0.335961;0.817374;0.416206;-0.214013;0.7;0.7
13;185.104;-1118.82;2056.78;0;0;0;0;0.7;0
6;174.215;464.147;1908.54;0;0;0;0;0.7;0
9;118.989;-308.585;1965.68;-0.00678419;-0.059271;0.0340641;0.997638;0.7;0.7
11;144.548;-688.207;1972.37;-0.0933654;-0.0598069;0.0519913;0.992473;0.7;0.7
2;72.3415;69.7304;2067.4;0.51904;-0.522709;-0.12921;0.663836;0.7;0.7
1;238.148;69.5015;2058.77;0.013127;0.0260864;-0.0019705;0.999572;0.7;0.7
5;504.945;233.363;1918.37;0.323598;0.825785;0.435378;0.154304;0.7;0.7
14;339.654;-1097.35;2021.09;0;0;0;0;0;0
7;281.591;434.426;1926.46;0;0;0;0;0.7;0
10;345.965;-308.898;1953.87;0.00898364;-0.131591;0.00466495;0.991252;0.7;0.7
12;350.677;-714.502;1947.15;-0.0962646;-0.13062;-0.00157569;0.986747;0.7;0
3;403.954;69.2727;2050.15;0.530187;0.520109;0.114768;0.659709;0.7;0.7
8;235.313;-119.62;2009.27;0.127781;0.0256755;-0.00400422;0.991462;0.7;0.7
1;1334;2
0;234.407;337.827;2058.66;0.000987021;0.0221938;0.00727958;0.999727;0.7;0.7
4;-32.1515;246.405;1928.35;-0.344079;0.815557;0.419893;-0.200415;0.7;0.7
13;176.923;-1095.08;2054.86;0;0;0;0;0;0
6;178.159;471.083;1916.67;0;0;0;0;0.7;0
9;119.212;-308.589;1963.41;-0.025614;-0.0625757;0.0263741;0.997363;0.7;0.7
11;139.252;-713.126;1985.48;-0.0862402;-0.0613323;0.0539646;0.992919;0.7;0
2;72.0856;70.6833;2065.82;0.528979;-0.522946;-0.12199;0.657136;0.7;0.7
1;238.292;70.1168;2058.05;0.000987021;0.0221938;0.00727958;0.999727;0.7;0.7
5;506.417;230.689;1917.99;0.326455;0.825739;0.42741;0.170007;0.7;0.7
14;339.961;-1097.63;2023;0;0;0;0;0;0
7;284.68;438.864;1917.47;0;0;0;0;0.7;0
10;345.443;-309.36;1952.83;0.00594055;-0.134256;0.00842461;0.990893;0.7;0.7
12;352.862;-714.907;1948.98;-0.096707;-0.134232;-0.00360704;0.986213;0.7;0
3;404.499;69.5504;2050.27;0.52584;0.51736;0.11289;0.665647;0.7;0.7
8;235.31;-119.429;2008.09;0.128636;0.0229506;-0.00469471;0.991415;0.7;0.7
1;1335;2
0;236.271;337.775;2060.17;0.00430105;0.0327226;0.0046704;0.999444;0.7;0.7
4;-38.2151;237.155;1928.68;-0.364418;0.811111;0.422094;-0.176449;0.7;0.7
13;169.036;-1106.89;2050.3;0;0;0;0;0;0
6;174.825;471.746;1935.46;0;0;0;0;0.7;0
9;140.548;-317.332;1967.82;-0.0269303;-0.0559598;0.00174229;0.998068;0.7;0.7
11;140.736;-722.505;1989.71;-0.0758982;-0.0528727;0.0404873;0.994889;0.7;0
2;72.0046;65.6932;2068.3;0.549149;-0.51725;-0.0969497;0.649222;0.7;0.7
1;238.691;70.4622;2057.79;0.00430105;0.0327226;0.0046704;0.999444;0.7;0.7
5;518.566;225.14;1908.42;0.323662;0.832501;0.416385;0.169731;0.7;0.7
14;337.764;-1148.68;2041.96;0;0;0;0;0.7;0
7;269.004;456.782;1903.97;0;0;0;0;0.7;0
10;346.681;-311.434;1954.81;0.00457882;-0.126039;0.00571671;0.991998;0.7;0.7
12;351.493;-696.451;1951.87;-0.0992339;-0.125462;-0.00246155;0.98712;0.7;0.7
3;405.378;75.2311;2047.27;0.519843;0.499822;0.0888626;0.687055;0.7;0.7
8;241.153;-121.961;2009.55;0.122216;0.0330023;0.0103212;0.991901;0.7;0.7
1;1336;2
0;235.922;337.817;2059.83;0.00420972;0.0425421;0.00388326;0.999078;0.7;0.7
4;-46.476;232.353;1924.3;-0.393275;0.805003;0.411201;-0.167985;0.7;0.7
13;164.874;-1100.29;2048.13;0;0;0;0;0;0
6;155.627;478.142;1941.18;0;0;0;0;0.7;0
9;130.587;-310.437;1961.27;-0.037937;-0.0455151;0.0144846;0.998138;0.7;0.7
11;140.918;-714.863;1992.53;-0.0700295;-0.0444864;0.0339525;0.995974;0.7;0
2;70.9794;66.0782;2071.31;0.565277;-0.511776;-0.0649124;0.643688;0.7;0.7
1;237.901;70.41;2057.49;0.00420972;0.0425421;0.00388326;0.999078;0.7;0.7
5;528.875;214.882;1903.17;0.322065;0.834258;0.410167;0.179031;0.7;0.7
14;338.903;-1089.83;2020.39;0;0;0;0;0;0
7;284.178;444.728;1891.58;0;0;0;0;0.7;0
10;347.418;-304.81;1943.32;0.0161823;-0.115983;-0.00210314;0.993117;0.7;0.7
12;347.246;-710.358;1930.08;-0.117012;-0.112373;0.00249005;0.986749;0.7;0
3;404.822;74.7418;2043.67;0.516258;0.479084;0.0737597;0.706057;0.7;0.7
8;238.452;-118.607;2004.89;0.135108;0.0426454;0.00723849;0.989886;0.7;0.7
1;1337;2
0;235.912;338.26;2060.09;0.00503033;0.0338704;0.00339624;0.999408;0.7;0.7
4;-65.32;224.629;1914.28;-0.363318;0.815748;0.432792;-0.123478;0.7;0.7
13;158.56;-1102.32;2055.07;0;0;0;0;0;0
6;150.686;438.838;1948.89;0;0;0;0;0.7;0
9;128.965;-312.817;1961.04;-0.0468246;-0.0533705;0.0164018;0.997342;0.7;0.7
11;140.211;-716.571;1999.65;-0.0698777;-0.0528788;0.0273261;0.995778;0.7;0
2;70.0293;67.1127;2068.44;0.563184;-0.486022;-0.0461744;0.666689;0.7;0.7
1;237.641;70.1475;2057.33;0.00503033;0.0338704;0.00339624;0.999408;0.7;0.7
5;549.496;179.82;1901.04;0.338137;0.838375;0.39656;0.159784;0.7;0.7
14;338.169;-1095.82;2019.87;0;0;0;0;0;0
7;303.531;416.714;1901.13;0;0;0;0;0.7;0
10;346.388;-308.88;1946.62;0.0110649;-0.124299;-0.000237889;0.992183;0.7;0.7
12;347.312;-714.532;1937.69;-0.106567;-0.121725;0.00127113;0.986826;0.7;0
3;405.252;73.1823;2046.22;0.521096;0.432909;0.00743132;0.735523;0.7;0.7
8;237.658;-120.35;2005.58;0.132158;0.0339991;0.00458148;0.990635;0.7;0.7
1;1338;2
0;235.331;338.203;2060.83;0.00716851;0.030267;0.00425515;0.999507;0.7;0.7
4;-80.295;211.198;1913.24;-0.368398;0.812317;0.431859;-0.133873;0.7;0.7
13;160.658;-1103.19;2056.47;0;0;0;0;0;0
6;132.619;430.696;1944.19;0;0;0;0;0.7;0
9;125.749;-312.1;1962.41;-0.0466877;-0.0558826;0.0215352;0.997113;0.7;0.7
11;141.091;-716.596;2001.25;-0.0693024;-0.0557422;0.0290115;0.995615;0.7;0
2;68.8423;67.5712;2067.05;0.567;-0.458435;-0.0270401;0.683825;0.7;0.7
1;237.499;69.6359;2056.91;0.00716851;0.030267;0.00425515;0.999507;0.7;0.7
5;568.357;142.763;1904.98;0.348808;0.83949;0.381844;0.166689;0.7;0.7
14;340.139;-1097.9;2008.57;0;0;0;0;0;0
7;321.176;394.119;1900.23;0;0;0;0;0.7;0
10;346.406;-309.399;1949.15;0.0263195;-0.127413;-0.00565737;0.991484;0.7;0.7
12;344.571;-715.455;1927.34;-0.104356;-0.122628;0.00722417;0.986924;0.7;0
3;406.155;71.7006;2046.77;0.515024;0.374541;-0.0471347;0.769576;0.7;0.7
8;236.788;-120.557;2006.35;0.129553;0.0305484;0.00217122;0.991099;0.7;0.7
1;1339;2
0;235.671;337.581;2061.56;0.0101591;0.0288147;0.00825973;0.999499;0.7;0.7
4;-89.3458;202.627;1909.11;-0.433982;0.784073;0.392356;-0.207233;0.7;0.7
13;158.495;-1105.23;2056.49;0;0;0;0;0;0
6;61.6951;439.594;1913.49;0;0;0;0;0.7;0
9;125.078;-313.894;1963.06;-0.0511266;-0.0562728;0.0185183;0.996934;0.7;0.7
11;137.753;-718.135;2005.36;-0.0639612;-0.0557038;0.0302091;0.995938;0.7;0
2;67.967;65.2351;2066.08;0.585043;-0.446029;-0.00292596;0.677329;0.7;0.7
1;239.993;66.2762;2055.92;0.0101591;0.0288147;0.00825973;0.999499;0.7;0.7
5;588.717;109.495;1907.61;0.360219;0.836462;0.380596;0.160376;0.7;0.7
14;333.746;-1098.57;2009.51;0;0;0;0;0;0
7;355.436;354.846;1909.61;0;0;0;0;0.7;0
10;347.752;-312.546;1949.9;0.034913;-0.127851;-0.0169695;0.991033;0.7;0.7
12;337.705;-717.966;1920;-0.11502;-0.119009;0.00874646;0.98617;0.7;0
3;412.02;67.3172;2045.76;0.515571;0.322629;-0.0937969;0.788226;0.7;0.7
8;238.204;-123.472;2006.2;0.127865;0.0296443;-0.000776726;0.991348;0.7;0.7
1;1340;2
0;236.179;336.842;2061.42;0.0107243;0.0514101;0.0102022;0.998568;0.7;0.7
4;-94.6877;165.387;1913.7;-0.484085;0.765096;0.353396;-0.235376;0.7;0.7
13;159.117;-1133.44;2057.21;0;0;0;0;0.7;0
6;30.3618;435.131;1908.34;0;0;0;0;0.7;0
9;123.084;-324.708;1972.6;-0.0305413;-0.0346731;0.0141567;0.998832;0.7;0.7
11;132.938;-700.508;1995.95;-0.0690681;-0.0338405;0.0323328;0.996513;0.7;0.7
2;67.3603;60.3204;2073.28;0.596669;-0.41638;0.056679;0.683668;0.7;0.7
1;241.448;63.565;2055.28;0.0107243;0.0514101;0.0102022;0.998568;0.7;0.7
5;590.698;90.9886;1898.66;0.365442;0.840834;0.377286;0.13079;0.7;0.7
14;330.165;-1106.5;2019.56;0;0;0;0;0;0
7;363.274;323.148;1916.83;0;0;0;0;0.7;0
10;354.63;-320.392;1948.66;0.0221856;-0.105606;-0.0216108;0.993926;0.7;0.7
12;339.066;-726.258;1928.87;-0.117339;-0.0974816;5.58603e-05;0.988296;0.7;0
3;415.536;66.8096;2037.28;0.509283;0.306056;-0.12854;0.794001;0.7;0.7
8;240.152;-129.493;2007.95;0.119909;0.0522339;0.0030305;0.991405;0.7;0.7
1;1341;2
0;239.079;329.855;2066.81;0.0228357;0.046375;0.00215991;0.998661;0.7;0.7
4;-110.332;130.155;1909.68;-0.492131;0.761186;0.318716;-0.277172;0.7;0.7
13;162.865;-1140.2;2070.76;0;0;0;0;0.7;0
6;-2.57853;405.78;1877.45;0;0;0;0;0.7;0
9;121.961;-338.781;1982.39;-0.0202265;-0.0393776;0.0132702;0.998932;0.7;0.7
11;131.286;-712.552;1997.9;-0.0826596;-0.0377443;0.0396163;0.995075;0.7;0.7
2;65.4131;61.46;2070.74;0.57731;-0.36784;0.102398;0.721749;0.7;0.7
1;239.666;62.765;2054.57;0.0228357;0.046375;0.00215991;0.998661;0.7;0.7
5;581.801;66.5514;1902.07;0.376999;0.848237;0.350461;0.124671;0.7;0.7
14;326.228;-1126.68;2031.16;0;0;0;0;0;0
7;362.378;299.53;1918.97;0;0;0;0;0.7;0
10;348.031;-337.088;1961.41;-0.00128267;-0.111422;-0.0220752;0.993527;0.7;0.7
12;330.104;-742.73;1960.45;-0.090953;-0.105844;0.00470952;0.990203;0.7;0
3;413.919;64.07;2038.4;0.486715;0.289521;-0.167509;0.806986;0.7;0.7
8;237.331;-137.585;2013.23;0.101703;0.0463888;-0.000995613;0.993732;0.7;0.7
1;1342;2
0;238.616;331.014;2065.33;0.0221982;0.0348738;0.00317911;0.99914;0.7;0.7
4;-127.258;92.9389;1894.99;-0.512265;0.75149;0.275339;-0.311506;0.7;0.7
13;164.265;-1146.93;2079.53;0;0;0;0;0.7;0
6;-42.423;377.071;1838.83;0;0;0;0;0.7;0
9;123.257;-342.973;1977.5;-0.033134;-0.0503824;0.0110143;0.998119;0.7;0.7
11;130.316;-720.552;2002.96;-0.0865345;-0.0478651;0.0434616;0.994149;0.7;0.7
2;63.395;58.9042;2065.66;0.560125;-0.325924;0.156482;0.74535;0.7;0.7
1;239.924;59.0128;2053.19;0.0221982;0.0348738;0.00317911;0.99914;0.7;0.7
5;578.709;54.6815;1906.47;0.384695;0.844511;0.358738;0.100586;0.7;0.7
14;325.204;-1134.57;2031.73;0;0;0;0;0;0
7;366.31;278.928;1939.43;0;0;0;0;0.7;0
10;345.285;-342.837;1961.82;-0.00823339;-0.12215;-0.0193051;0.99229;0.7;0.7
12;328.889;-749.088;1966.55;-0.0836286;-0.117709;0.00518495;0.989507;0.7;0
3;416.453;59.1215;2040.72;0.491794;0.282899;-0.186606;0.80205;0.7;0.7
8;237.097;-141.946;2011.43;0.102449;0.0350978;-0.00330821;0.994113;0.7;0.7
1;1343;2
0;246.53;323.842;2068;0.0308338;0.0322066;-0.0100556;0.998955;0.7;0.7
4;-139.234;62.5054;1905.48;-0.512129;0.72687;0.229076;-0.396116;0.7;0.7
13;158.719;-1148.32;2081.79;0;0;0;0;0.7;0
6;-88.7451;351.752;1798.9;0;0;0;0;0.7;0
9;124.248;-342.518;1975.68;-0.0397986;-0.054047;0.00697709;0.997721;0.7;0.7
11;127.916;-722.561;2006.24;-0.0855735;-0.0512765;0.0401486;0.994201;0.7;0.7
2;62.2329;54.9715;2062.81;0.534328;-0.277209;0.171012;0.780002;0.7;0.7
1;240.564;54.1688;2051.52;0.0308338;0.0322066;-0.0100556;0.998955;0.7;0.7
5;578.493;52.5069;1909.87;0.397985;0.826856;0.385922;0.0947709;0.7;0.7
14;323.032;-1133.72;2036.59;0;0;0;0;0;0
7;375.354;275.814;1955.82;0;0;0;0;0.7;0
10;342.832;-343.502;1961.85;-0.0108179;-0.125761;-0.0339729;0.99142;0.7;0.7
12;314.335;-749.078;1967.09;-0.0872958;-0.117694;0.0216357;0.988969;0.7;0
3;418.895;53.3661;2040.24;0.521594;0.278394;-0.187796;0.784327;0.7;0.7
8;237.052;-144.42;2010.14;0.102748;0.0311884;-0.00548236;0.994203;0.7;0.7
1;1344;2
0;264.963;319.786;2073.39;0.0415008;0.0337348;-0.0421725;0.997678;0.7;0.7
4;-146.029;47.8591;1912.45;-0.510047;0.703187;0.195017;-0.455355;0.7;0.7
13;159.302;-1121.62;2077.35;0;0;0;0;0;0
6;-125.545;329.852;1773.34;0;0;0;0;0.7;0
9;123.547;-335.04;1971.34;-0.0316171;-0.0558917;0.00632871;0.997916;0.7;0.7
11;127.244;-740.541;1997.27;-0.100816;-0.0517768;0.0465965;0.992464;0.7;0
2;62.7933;52.5978;2062.42;0.517378;-0.251888;0.174641;0.798983;0.7;0.7
1;241.466;51.4388;2051.78;0.0415008;0.0337348;-0.0421725;0.997678;0.7;0.7
5;575.895;47.3919;1908.26;0.430622;0.809629;0.384342;0.106523;0.7;0.7
14;323.937;-1125.58;2037.83;0;0;0;0;0;0
7;394.846;280.01;1955.59;0;0;0;0;0.7;0
10;344.001;-336.47;1958.22;-0.00659585;-0.127245;-0.0209827;0.991627;0.7;0.7
12;326.409;-742.423;1961.36;-0.0979875;-0.121001;0.00880017;0.987765;0.7;0
3;420.138;50.2797;2041.14;0.539555;0.27861;-0.205023;0.767608;0.7;0.7
8;237.62;-142.158;2008.28;0.110509;0.0291904;-0.00650628;0.993425;0.7;0.7
1;1345;2
0;275.917;319.274;2072.45;0.0384041;0.0157717;-0.0603166;0.997316;0.7;0.7
4;-155.343;25.5501;1923.54;-0.491577;0.69133;0.176523;-0.499254;0.7;0.7
13;158.054;-1121.94;2078.07;0;0;0;0;0;0
6;-149.556;297.802;1759.18;0;0;0;0;0.7;0
9;121.838;-335.067;1959.78;-0.0473532;-0.0741297;0.0125333;0.996045;0.7;0.7
11;129.14;-739.943;1998.92;-0.098851;-0.0711689;0.0443672;0.991562;0.7;0
2;63.9508;54.3891;2055.93;0.488226;-0.200494;0.185588;0.828851;0.7;0.7
1;242.809;49.6097;2052.1;0.0384041;0.0157717;-0.0603166;0.997316;0.7;0.7
5;576.45;45.7605;1909.84;0.470379;0.779097;0.400216;0.107601;0.7;0.7
14;318.456;-1132.23;2027.19;0;0;0;0;0;0
7;415.683;292.199;1972.68;0;0;0;0;0.7;0
10;339.013;-340.87;1955.13;-0.00387362;-0.145906;-0.0115836;0.989223;0.7;0.7
12;329.229;-747.577;1956.88;-0.0913062;-0.142296;-0.000788489;0.985604;0.7;0
3;421.666;44.8303;2048.27;0.577577;0.281908;-0.218709;0.734233;0.7;0.7
8;236.617;-144.179;2004.78;0.119554;0.00902775;-0.0145388;0.99268;0.7;0.7
1;1346;2
0;283.096;319.646;2069.36;0.0331755;0.0166255;-0.0706315;0.996812;0.7;0.7
4;-160.793;3.85858;1931.68;-0.481349;0.700542;0.17406;-0.49724;0.7;0.7
13;156.382;-1126.91;2072.7;0;0;0;0;0;0
6;-147.241;276.596;1761.41;0;0;0;0;0.7;0
9;121.852;-339.278;1961.96;-0.0421772;-0.0742646;0.00636941;0.996326;0.7;0.7
11;124.466;-744.586;1996.54;-0.0947655;-0.0702537;0.0478454;0.991864;0.7;0
2;64.4772;52.9851;2055.61;0.469267;-0.167087;0.204407;0.842668;0.7;0.7
1;244.051;47.8698;2051.81;0.0331755;0.0166255;-0.0706315;0.996812;0.7;0.7
5;576.104;47.9315;1906;0.481243;0.780049;0.379781;0.125277;0.7;0.7
14;323.823;-1136.25;2032.89;0;0;0;0;0;0
7;417.007;314.219;1959.54;0;0;0;0;0.7;0
10;340.111;-345.495;1957.34;-0.00352557;-0.14598;-0.00786662;0.98925;0.7;0.7
12;333.361;-752.223;1959.24;-0.0953519;-0.142575;0.0014233;0.985179;0.7;0
3;423.625;42.7545;2048;0.573986;0.296378;-0.215332;0.732346;0.7;0.7
8;237.516;-147.258;2005.73;0.115781;0.00887133;-0.0153668;0.993116;0.7;0.7
1;1347;2
0;286.202;320.949;2068.18;0.0318319;0.012267;-0.0734281;0.996717;0.7;0.7
4;-160.484;-17.5174;1933.56;-0.482191;0.713342;0.176681;-0.476884;0.7;0.7
13;152.52;-1136.47;2067.88;0;0;0;0;0;0
6;-134.827;256.648;1770.31;0;0;0;0;0.7;0
9;120.645;-349.102;1952.91;-0.0496823;-0.0804754;0.00314109;0.995513;0.7;0.7
11;119.936;-753.875;1993.35;-0.0923169;-0.0760673;0.0490861;0.991606;0.7;0
2;65.5422;51.1618;2052.87;0.459109;-0.141532;0.230095;0.846312;0.7;0.7
1;245.404;47.2531;2051.09;0.0318319;0.012267;-0.0734281;0.996717;0.7;0.7
5;576.731;51.8966;1904.53;0.499082;0.775097;0.353178;0.159395;0.7;0.7
14;328.246;-1138.13;2041.64;0;0;0;0;0;0
7;424.582;350.872;1940.1;0;0;0;0;0.7;0
10;350.852;-354.105;1950.62;0.0100517;-0.151611;-0.0201138;0.988184;0.7;0.7
12;335.921;-760.482;1940.05;-0.131066;-0.141102;0.00884849;0.981241;0.7;0
3;425.265;43.3443;2049.3;0.573286;0.306073;-0.212511;0.729727;0.7;0.7
8;240.576;-152.175;2001.42;0.121745;0.00360971;-0.0113879;0.992489;0.7;0.7
1;1348;2
0;286.693;321.952;2066.56;0.0296261;0.0077517;-0.0714584;0.996973;0.7;0.7
4;-157.944;-25.4772;1935.09;-0.486415;0.722711;0.194562;-0.450816;0.7;0.7
13;140.569;-1133.21;2062.39;0;0;0;0;0;0
6;-119.678;253.892;1788.06;0;0;0;0;0.7;0
9;121.156;-348.026;1948.45;-0.0452782;-0.0850653;-0.023832;0.995061;0.7;0.7
11;98.737;-752.546;1983.44;-0.0972487;-0.0754906;0.0614175;0.990491;0.7;0
2;66.1515;51.9876;2050.81;0.463737;-0.126176;0.243726;0.842393;0.7;0.7
1;246.806;46.2525;2050.38;0.0296261;0.0077517;-0.0714584;0.996973;0.7;0.7
5;579.004;53.9919;1904.79;0.509585;0.768373;0.341829;0.181877;0.7;0.7
14;332.396;-1143.95;2039.79;0;0;0;0;0;0
7;436.206;366.622;1928.52;0;0;0;0;0.7;0
10;346.704;-355.187;1947.9;-0.0139207;-0.155202;0.00817838;0.987751;0.7;0.7
12;351.517;-761.624;1960.12;-0.105029;-0.15552;-0.00826441;0.982199;0.7;0
3;427.461;40.5174;2049.95;0.578352;0.312456;-0.205019;0.725153;0.7;0.7
8;240.368;-152.677;1999.28;0.125337;-0.000798371;-0.0158922;0.991987;0.7;0.7
1;1349;2
0;289.454;323.688;2068.5;0.0337656;0.0122312;-0.0744948;0.996575;0.7;0.7
4;-157.749;-27.539;1934.5;-0.493846;0.731169;0.228114;-0.411671;0.7;0.7
13;145.79;-1128.91;2057.42;0;0;0;0;0;0
6;-102.572;262.217;1814.55;0;0;0;0;0.7;0
9;123.388;-342.151;1945.89;-0.0486171;-0.0808229;-0.0233478;0.995268;0.7;0.7
11;101.264;-746.964;1983.76;-0.0902469;-0.0720786;0.0639275;0.991248;0.7;0
2;66.125;52.4939;2051.98;0.482235;-0.120566;0.251733;0.830388;0.7;0.7
1;247.508;46.4998;2050.11;0.0337656;0.0122312;-0.0744948;0.996575;0.7;0.7
5;582.792;55.3535;1896.71;0.516937;0.768328;0.312627;0.211452;0.7;0.7
14;329.923;-1139.82;2033.3;0;0;0;0;0;0
7;452.425;376.502;1896.12;0;0;0;0;0.7;0
10;343.52;-349.426;1943.62;-0.0158919;-0.151458;0.0133774;0.988245;0.7;0.7
12;352.325;-756.256;1958.06;-0.0998664;-0.153457;-0.0135141;0.983003;0.7;0
3;428.89;40.5057;2048.23;0.568825;0.321158;-0.203464;0.729314;0.7;0.7
8;240.481;-149.644;1997.43;0.1308;0.00296628;-0.0170505;0.991258;0.7;0.7
1;1350;2
0;290.894;323.526;2070.01;0.0396311;0.00474041;-0.0774752;0.996195;0.7;0.7
4;-158.59;-25.365;1933.02;-0.495754;0.731005;0.269737;-0.383539;0.7;0.7
13;129.163;-1131.69;2054.8;0;0;0;0;0;0
6;-90.0589;272.65;1839.21;0;0;0;0;0.7;0
9;125.414;-346.104;1944.78;-0.0614921;-0.0892492;-0.0497731;0.992862;0.7;0.7
11;80.6848;-748.329;1990.9;-0.0767092;-0.08041;0.0686454;0.991432;0.7;0
2;64.7238;50.1273;2046.95;0.507717;-0.113028;0.246482;0.817738;0.7;0.7
1;246.962;43.9109;2047.8;0.0396311;0.00474041;-0.0774752;0.996195;0.7;0.7
5;594.356;29.42;1897.61;0.509598;0.773725;0.295622;0.232955;0.7;0.7
14;339.004;-1143.03;2040.63;0;0;0;0;0;0
7;462.835;356.843;1876.69;0;0;0;0;0.7;0
10;342.61;-353.513;1945.8;-0.0121492;-0.158586;0.0139808;0.987171;0.7;0.7
12;352.284;-760.557;1957.38;-0.108257;-0.159012;0.000265616;0.981323;0.7;0
3;429.2;37.6945;2048.66;0.543601;0.282329;-0.227111;0.757105;0.7;0.7
8;240.487;-152.949;1996.55;0.126888;-0.00448796;-0.0166129;0.991768;0.7;0.7
1;1351;2
0;293.48;322.889;2072.69;0.0425828;0.010524;-0.085295;0.99539;0.7;0.7
4;-157.286;-20.3593;1930.1;-0.512643;0.719268;0.302152;-0.358545;0.7;0.7
13;157.541;-1155.51;2071.82;0;0;0;0;0.7;0
6;-87.3823;286.595;1863.83;0;0;0;0;0.7;0
9;135.034;-356.339;1942.98;-0.070581;-0.0859664;-0.00934186;0.993751;0.7;0.7
11;125.019;-679.221;1988.21;-0.0835764;-0.0817153;0.0406935;0.992311;0.7;0.7
2;55.013;34.1517;2048.08;0.547301;-0.137858;0.233583;0.791768;0.7;0.7
1;243.11;33.1766;2048.2;0.0425828;0.010524;-0.085295;0.99539;0.7;0.7
5;601.216;14.433;1901.85;0.484519;0.790389;0.271343;0.258649;0.7;0.7
14;346.377;-1146.28;2041.54;0;0;0;0;0;0
7;462.516;331.313;1850.83;0;0;0;0;0.7;0
10;347.278;-357.44;1943.11;-0.0139465;-0.157217;0.015828;0.987339;0.7;0.7
12;358.22;-764.293;1956.36;-0.11048;-0.157805;0.00235531;0.981268;0.7;0
3;431.207;32.2014;2048.32;0.508233;0.268882;-0.223797;0.786967;0.7;0.7
8;242.133;-161.856;1995.62;0.131281;-0.000660144;-0.00252734;0.991342;0.7;0.7
1;1352;2
0;287.596;321.555;2073.59;0.0463752;0.0163309;-0.0751162;0.995962;0.7;0.7
4;-156.298;-18.7926;1932.72;-0.530263;0.698147;0.320814;-0.358455;0.7;0.7
13;154.704;-1129.66;2068.65;0;0;0;0;0;0
6;-96.4014;302.934;1879.58;0;0;0;0;0.7;0
9;132.799;-342.034;1942.44;-0.0676024;-0.0805893;0.000909143;0.994452;0.7;0.7
11;129.098;-745.527;1997.25;-0.088791;-0.0770455;0.0398465;0.992266;0.7;0
2;56.9136;33.8449;2049.4;0.574192;-0.130072;0.233246;0.773939;0.7;0.7
1;243.66;35.3945;2047.45;0.0463752;0.0163309;-0.0751162;0.995962;0.7;0.7
5;602.026;4.02646;1905.78;0.466227;0.804716;0.248369;0.270885;0.7;0.7
14;353.535;-1128.71;2037.32;0;0;0;0;0;0
7;463.156;297.66;1837.96;0;0;0;0;0.7;0
10;358.548;-340.161;1940.08;-0.0119794;-0.152037;0.017756;0.988143;0.7;0.7
12;371.354;-747.003;1951.92;-0.111975;-0.153949;-0.00561942;0.981697;0.7;0
3;430.407;36.9442;2045.49;0.473185;0.247615;-0.234841;0.812178;0.7;0.7
8;244.667;-152.851;1994.35;0.137003;0.00575125;0.0033928;0.990548;0.7;0.7
1;1353;2
0;286.211;320.273;2075.07;0.0479447;0.0153864;-0.0724702;0.996099;0.7;0.7
4;-150.055;1.17614;1930.84;-0.546029;0.682805;0.321192;-0.363957;0.7;0.7
13;157.783;-1130.09;2065.43;0;0;0;0;0;0
6;-104.893;319.923;1883.24;0;0;0;0;0.7;0
9;131.934;-342.021;1943.03;-0.0594369;-0.0798522;0.00659889;0.995011;0.7;0.7
11;133.416;-746.325;1991.63;-0.0920158;-0.0768827;0.0384964;0.992038;0.7;0
2;59.9736;39.2331;2050.44;0.594136;-0.149932;0.219806;0.759084;0.7;0.7
1;244.662;39.7059;2048.49;0.0479447;0.0153864;-0.0724702;0.996099;0.7;0.7
5;594.416;-14.3446;1906.8;0.42811;0.851626;0.204607;0.222692;0.7;0.7
14;358.648;-1130.49;2034.45;0;0;0;0;0;0
7;419.173;254.725;1839.85;0;0;0;0;0.7;0
10;357.098;-341.445;1940.66;-0.0106293;-0.151746;0.0254996;0.988033;0.7;0.7
12;376.303;-748.039;1952.37;-0.107677;-0.15533;-0.00592643;0.981959;0.7;0
3;429.351;40.1786;2046.55;0.39609;0.248427;-0.261257;0.844477;0.7;0.7
8;244.589;-151.014;1995.17;0.13589;0.00539004;0.000552534;0.990709;0.7;0.7
1;1354;2
0;287.113;320.027;2076.45;0.0519231;0.0182153;-0.0713474;0.995933;0.7;0.7
4;-146.568;26.6797;1933.06;-0.548437;0.670272;0.331082;-0.374617;0.7;0.7
13;155.582;-1131.04;2055.9;0;0;0;0;0;0
6;-109.11;339.448;1888.84;0;0;0;0;0.7;0
9;132.456;-341.705;1942.55;-0.0615278;-0.0786141;-0.00150911;0.995003;0.7;0.7
11;127.294;-745.777;1992.3;-0.0785805;-0.0751142;0.0423195;0.993173;0.7;0
2;62.6525;36.1936;2050.31;0.615823;-0.181671;0.176523;0.746055;0.7;0.7
1;245.868;38.0756;2047.58;0.0519231;0.0182153;-0.0713474;0.995933;0.7;0.7
5;579.477;-56.7223;1902.59;0.457976;0.859127;0.146674;0.175062;0.7;0.7
14;363.949;-1129.61;2036.29;0;0;0;0;0;0
7;408.38;219.509;1847.74;0;0;0;0;0.7;0
10;363.872;-339.328;1939.09;-0.0262368;-0.150131;0.026121;0.987973;0.7;0.7
12;381.679;-745.368;1963.4;-0.0959234;-0.153941;-0.00801136;0.98338;0.7;0
3;429.083;39.9577;2044.84;0.337528;0.231395;-0.342534;0.845696;0.7;0.7
8;247.016;-151.221;1994.2;0.136958;0.00809316;0.00406548;0.990535;0.7;0.7
1;1355;2
0;288.626;319.305;2077.05;0.0555286;0.0196142;-0.0706668;0.99576;0.7;0.7
4;-146.93;26.5239;1933.57;-0.550993;0.661593;0.316103;-0.398471;0.7;0.7
13;162.005;-1135.98;2050.11;0;0;0;0;0;0
6;-122.886;339.961;1876.41;0;0;0;0;0.7;0
9;139.135;-344.421;1944.49;-0.0664284;-0.0773544;-0.00210093;0.994786;0.7;0.7
11;133.242;-748.494;1998.24;-0.0634069;-0.0746803;0.0416601;0.994317;0.7;0
2;65.7904;36.785;2049.65;0.611276;-0.177843;0.172791;0.75157;0.7;0.7
1;247.936;39.1793;2046.35;0.0555286;0.0196142;-0.0706668;0.99576;0.7;0.7
5;568.533;-93.5535;1910.02;0.478512;0.861844;0.09782;0.136683;0.7;0.7
14;375.288;-1126.78;2012.82;0;0;0;0;0;0
7;392.997;202.624;1860.63;0;0;0;0;0.7;0
10;363.021;-341.478;1940.44;0.0363275;-0.146769;0.0240591;0.988211;0.7;0.7
12;386.753;-747.605;1914.05;-0.127809;-0.148114;0.00439057;0.980667;0.7;0
3;430.081;41.5735;2043.05;0.273456;0.203457;-0.404678;0.848565;0.7;0.7
8;249.507;-151.885;1994.41;0.132282;0.00983916;0.00531629;0.991149;0.7;0.7
1;1356;2
0;291.13;318.708;2077.61;0.0882033;0.0487591;-0.0772428;0.991905;0.7;0.7
4;-146.248;26.8263;1921.31;-0.54974;0.668148;0.309138;-0.394712;0.7;0.7
13;167.493;-1139.49;2055.67;0;0;0;0;0;0
6;-119.584;337.564;1861.76;0;0;0;0;0.7;0
9;138.318;-347.667;1951.69;-0.0725243;-0.0504389;0.00609188;0.996072;0.7;0.7
11;140.283;-751.023;2010.84;-0.0555461;-0.048641;0.0375385;0.996564;0.7;0
2;66.3469;33.205;2042.89;0.606868;-0.191367;0.171732;0.752062;0.7;0.7
1;244.565;38.8897;2029.43;0.0882033;0.0487591;-0.0772428;0.991905;0.7;0.7
5;564.578;-102.411;1917.07;0.479009;0.855256;0.143034;0.136484;0.7;0.7
14;369.28;-1190.69;2043.41;0;0;0;0;0.7;0
7;391.302;192.798;1883.91;0;0;0;0;0.7;0
10;362.219;-340.525;1934.77;0.0789646;-0.115155;0.0232606;0.989931;0.7;0.7
12;386.045;-706.401;1878.77;-0.163875;-0.116054;0.00269432;0.979627;0.7;0.7
3;422.783;44.5745;2015.96;0.2769;0.119671;-0.416215;0.857771;0.7;0.7
8;247.417;-152.603;1986.33;0.110079;0.0392078;0.0116603;0.993081;0.7;0.7
1;1357;2
0;292.987;319.284;2078.52;0.081173;0.0515731;-0.0765715;0.992415;0.7;0.7
4;-146.261;27.0687;1927.25;-0.517781;0.695466;0.306331;-0.392925;0.7;0.7
13;171.505;-1150.85;2050.9;0;0;0;0;0.7;0
6;-97.3067;330.516;1854.83;0;0;0;0;0.7;0
9;136.423;-358.426;1944.97;-0.0804453;-0.0473409;0.0140345;0.995535;0.7;0.7
11;143.302;-692.354;1999.63;-0.0541074;-0.0459843;0.0330984;0.996926;0.7;0.7
2;68.0791;33.0487;2048.64;0.579206;-0.196475;0.162654;0.774249;0.7;0.7
1;246.803;38.4438;2034.39;0.081173;0.0515731;-0.0765715;0.992415;0.7;0.7
5;561.824;-102.908;1909.78;0.333088;0.885613;0.304019;-0.110972;0.7;0.7
14;373.03;-1135.62;2027.9;0;0;0;0;0;0
7;309.353;72.169;2043.5;0;0;0;0;0.7;0
10;365.226;-351.519;1926.73;0.00798554;-0.116322;0.032003;0.992664;0.7;0.7
12;391.885;-758.306;1923.31;-0.13665;-0.122856;-0.00738802;0.982944;0.7;0
3;425.526;43.8388;2020.15;0.288695;0.139574;-0.427208;0.84538;0.7;0.7
8;248.813;-158.264;1985.12;0.122087;0.0412867;0.0100828;0.991609;0.7;0.7
1;1358;2
0;294.476;320.031;2079.2;0.0816564;0.065934;-0.0696971;0.992032;0.7;0.7
4;-148.76;18.183;1956.48;-0.441129;0.730647;0.311937;-0.417439;0.7;0.7
13;166.134;-1159.53;2051.42;0;0;0;0;0;0
6;-65.9832;303.799;1850.83;0;0;0;0;0.7;0
9;138.525;-366.502;1952.95;-0.077612;-0.0325117;0.0117997;0.996383;0.7;0.7
11;146.058;-769.392;2016.35;-0.0439339;-0.0314724;0.0270235;0.998173;0.7;0
2;73.0609;29.0301;2054.41;0.524443;-0.161839;0.129841;0.825778;0.7;0.7
1;250.998;35.059;2034.63;0.0816564;0.065934;-0.0696971;0.992032;0.7;0.7
5;559.012;-96.2668;1903.06;0.53329;0.802476;0.225648;0.143936;0.7;0.7
14;360.369;-1139.56;2044.03;0;0;0;0;0;0
7;422.468;226.329;1906.44;0;0;0;0;0.7;0
10;369.398;-358.68;1927.28;0.00443706;-0.100681;-0.00942349;0.994864;0.7;0.7
12;362.114;-766.509;1922.9;-0.155861;-0.0920846;0.0123326;0.9834;0.7;0
3;428.936;41.0878;2014.84;0.378552;0.109524;-0.438193;0.807892;0.7;0.7
8;252.48;-163.766;1987.37;0.116007;0.0569037;0.0103134;0.991563;0.7;0.7
1;1359;2
0;295.264;321.313;2079.61;0.0698704;0.065332;-0.0521035;0.99405;0.7;0.7
4;-136.171;-9.47511;1966.68;-0.425031;0.759207;0.273049;-0.410363;0.7;0.7
13;169.034;-1152.43;2057.17;0;0;0;0;0;0
6;-41.0106;264.587;1843.43;0;0;0;0;0.7;0
9;140.283;-359.891;1955.29;-0.0810132;-0.0269965;0.0142356;0.996246;0.7;0.7
11;150.069;-762.288;2021.45;-0.0449576;-0.0260048;0.0253867;0.998328;0.7;0
2;93.6399;39.5553;2062.05;0.472097;-0.120704;0.17981;0.854531;0.7;0.7
1;263.207;41.235;2042.04;0.0698704;0.065332;-0.0521035;0.99405;0.7;0.7
5;558.088;-86.2923;1902.98;0.551481;0.788757;0.220615;0.158307;0.7;0.7
14;361.217;-1143.54;2051.37;0;0;0;0;0;0
7;436.724;247.59;1900.7;0;0;0;0;0.7;0
10;370.387;-357.612;1928.15;-0.025596;-0.0966124;0.000885386;0.994992;0.7;0.7
12;369.088;-764.994;1948.99;-0.132023;-0.0945954;0.00248804;0.986719;0.7;0
3;432.775;42.9146;2022.04;0.398838;0.126251;-0.440148;0.794518;0.7;0.7
8;259.271;-158.758;1991.88;0.122906;0.0588318;-0.00233416;0.99067;0.7;0.7
1;1360;2
0;296.14;322.941;2079.8;0.053296;0.0643547;-0.0540368;0.995037;0.7;0.7
4;-121.706;-14.8637;1946.35;-0.4415;0.791734;0.246628;-0.342651;0.7;0.7
13;171.659;-1153.9;2057.64;0;0;0;0;0.7;0
6;-9.25898;245.214;1849.04;0;0;0;0;0.7;0
9;141.982;-356.626;1956.77;-0.0797207;-0.0296622;0.00808111;0.996343;0.7;0.7
11;145.929;-699.155;2012.06;-0.0490454;-0.028392;0.0295581;0.997955;0.7;0.7
2;93.4143;41.4788;2071.17;0.454384;-0.170089;0.221996;0.845767;0.7;0.7
1;263.813;43.6072;2051.79;0.053296;0.0643547;-0.0540368;0.995037;0.7;0.7
5;556.414;-82.9222;1900.57;0.593354;0.750803;0.22068;0.188484;0.7;0.7
14;358.127;-1142.17;2047.03;0;0;0;0;0;0
7;475.782;266.481;1892.99;0;0;0;0;0.7;0
10;371.037;-353.765;1930.73;-0.0311127;-0.0984734;0.0065202;0.994632;0.7;0.7
12;373.829;-760.857;1956.5;-0.117659;-0.099424;-0.00841932;0.988028;0.7;0
3;434.211;45.7355;2032.42;0.440026;0.128289;-0.455133;0.763396;0.7;0.7
8;260.161;-155.794;1997.77;0.132178;0.0568956;-0.00132948;0.989591;0.7;0.7
1;1361;2
0;296.826;324.144;2080.26;0.0474231;0.0633535;-0.0540923;0.995395;0.7;0.7
4;-117.04;-26.5192;1938.84;-0.443973;0.81172;0.239112;-0.294661;0.7;0.7
13;167.621;-1146.55;2055.06;0;0;0;0;0;0
6;9.48885;225.783;1860.95;0;0;0;0;0.7;0
9;145.102;-352.33;1957.6;-0.0755414;-0.0314774;0.00522772;0.996632;0.7;0.7
11;147.415;-756.032;2019.22;-0.044895;-0.0303658;0.0271419;0.998161;0.7;0
2;93.5725;42.5838;2074.52;0.437762;-0.179293;0.250301;0.84473;0.7;0.7
1;264.776;45.1645;2055.58;0.0474231;0.0633535;-0.0540923;0.995395;0.7;0.7
5;553.369;-70.8762;1889.46;0.624132;0.726874;0.205096;0.200124;0.7;0.7
14;351.275;-1139.06;2040.12;0;0;0;0;0;0
7;503.703;278.086;1877.14;0;0;0;0;0.7;0
10;371.924;-348.911;1932.5;-0.0246407;-0.100079;0.00273808;0.994671;0.7;0.7
12;372.135;-756.794;1952.74;-0.114141;-0.100945;-0.0152185;0.988206;0.7;0
3;435.979;47.7453;2036.63;0.468688;0.155832;-0.460365;0.737639;0.7;0.7
8;261.644;-152.728;2000.31;0.135947;0.0555718;-6.48737e-05;0.989156;0.7;0.7
1;1362;2
0;298.138;324.718;2080.05;0.0453052;0.065127;-0.0465678;0.99576;0.7;0.7
4;-93.3388;-62.7206;1952.8;-0.481479;0.798048;0.218414;-0.289124;0.7;0.7
13;169.279;-1150.72;2057.12;0;0;0;0;0;0
6;17.2231;205.257;1877.58;0;0;0;0;0.7;0
9;147.946;-355.893;1958.22;-0.0751746;-0.02817;0.00176352;0.996771;0.7;0.7
11;147.651;-760.054;2019.52;-0.0471428;-0.0268815;0.0288334;0.99811;0.7;0
2;99.9054;43.1421;2076.27;0.423562;-0.131657;0.316421;0.838534;0.7;0.7
1;270.302;44.9032;2056.3;0.0453052;0.065127;-0.0465678;0.99576;0.7;0.7
5;556.604;-69.4049;1892.68;0.622119;0.729108;0.173016;0.226792;0.7;0.7
14;352.759;-1146.47;2032.43;0;0;0;0;0;0
7;514.286;269.532;1852.98;0;0;0;0;0.7;0
10;374.809;-353.548;1931.63;-0.0285164;-0.0967904;0.00036232;0.994896;0.7;0.7
12;372.847;-761.668;1954.85;-0.101245;-0.0974851;-0.0158421;0.989947;0.7;0
3;440.698;46.6642;2036.33;0.457191;0.162064;-0.456008;0.74617;0.7;0.7
8;265.84;-154.909;2000.61;0.135867;0.05846;-0.00284203;0.988997;0.7;0.7
1;1363;2
0;298.751;324.623;2078.45;0.0403227;0.0627767;-0.04065;0.996384;0.7;0.7
4;-88.7203;-76.9591;1952.3;-0.509246;0.780209;0.235346;-0.276686;0.7;0.7
13;173.37;-1164.89;2057.31;0;0;0;0;0.7;0
6;10.9598;203.917;1893.97;0;0;0;0;0.7;0
9;148.765;-357.615;1958.43;-0.0778775;-0.028056;0.00979049;0.99652;0.7;0.7
11;154.239;-714.682;2014.74;-0.0464961;-0.0271897;0.0224364;0.998296;0.7;0.7
2;99.7412;42.175;2077.2;0.442688;-0.11195;0.344596;0.820212;0.7;0.7
1;274.336;42.8082;2057.1;0.0403227;0.0627767;-0.04065;0.996384;0.7;0.7
5;574.308;-83.0036;1889.7;0.613304;0.733997;0.152844;0.248485;0.7;0.7
14;351.542;-1144.45;2038.27;0;0;0;0;0;0
7;531.785;251.18;1829.02;0;0;0;0;0.7;0
10;377.062;-356.787;1932.14;-0.00596627;-0.0976822;0.00162338;0.995198;0.7;0.7
12;377.906;-765.54;1937.13;-0.132558;-0.0984249;-0.0207799;0.986057;0.7;0
3;448.93;43.4415;2037;0.441996;0.156791;-0.451822;0.758889;0.7;0.7
8;268.624;-157.196;2001.19;0.136398;0.0569908;-0.00603828;0.988995;0.7;0.7
1;1364;2
0;298.815;323.839;2077.38;0.0377581;0.0612348;-0.0331397;0.996858;0.7;0.7
4;-84.0213;-84.5965;1953.92;-0.518703;0.771811;0.243321;-0.275769;0.7;0.7
13;169.679;-1154.63;2062.41;0;0;0;0;0;0
6;8.45065;194.459;1902.2;0;0;0;0;0.7;0
9;151.074;-359.246;1961.02;-0.073246;-0.0276423;0.00944943;0.996886;0.7;0.7
11;157.123;-763.771;2020.96;-0.0523336;-0.027053;0.0174124;0.998111;0.7;0
2;103.473;41.4727;2077.33;0.449522;-0.0983199;0.35523;0.81368;0.7;0.7
1;278.731;41.171;2057.15;0.0377581;0.0612348;-0.0331397;0.996858;0.7;0.7
5;580.048;-93.4817;1892.18;0.609206;0.736898;0.134153;0.260485;0.7;0.7
14;359.87;-1145.6;2039.24;0;0;0;0;0;0
7;540.616;219.216;1820.94;0;0;0;0;0.7;0
10;379.836;-359.64;1934.68;6.71583e-05;-0.0973983;0.0249476;0.994933;0.7;0.7
12;400.145;-768.117;1936.61;-0.136624;-0.10676;-0.0372104;0.98415;0.7;0
3;453.988;40.8693;2036.97;0.424918;0.149787;-0.456698;0.767096;0.7;0.7
8;272.093;-159.136;2002.5;0.133435;0.0566629;-0.00850609;0.9894;0.7;0.7
1;1365;2
0;299.464;322.871;2076.65;0.0369857;0.0566627;-0.0280127;0.997315;0.7;0.7
4;-80.2515;-90.3579;1957.87;-0.531726;0.754033;0.241192;-0.300879;0.7;0.7
13;166.967;-1155.16;2062.78;0;0;0;0;0;0
6;-3.35785;196.924;1898.03;0;0;0;0;0.7;0
9;150.672;-359.817;1959.67;-0.0651259;-0.0302507;0.00858668;0.997381;0.7;0.7
11;156.065;-765.248;2013.02;-0.0629739;-0.0297819;0.0157774;0.997446;0.7;0
2;106.792;42.4433;2075.73;0.457745;-0.0774488;0.362457;0.808143;0.7;0.7
1;282.44;40.6671;2056.64;0.0369857;0.0566627;-0.0280127;0.997315;0.7;0.7
5;570.441;-129.783;1903.88;0.609713;0.749332;0.0878357;0.242974;0.7;0.7
14;362.156;-1153.93;2034.23;0;0;0;0;0;0
7;523.777;192.631;1817.24;0;0;0;0;0.7;0
10;382.28;-362.159;1934.51;-0.0379577;-0.101241;0.0350039;0.993521;0.7;0.7
12;407.582;-768.939;1968.25;-0.0902623;-0.110556;-0.0483327;0.988582;0.7;0
3;458.089;38.8909;2037.56;0.355302;0.124064;-0.503215;0.77791;0.7;0.7
8;274.458;-160.16;2001.87;0.133513;0.052925;-0.0122199;0.989557;0.7;0.7
1;1366;2
0;300.131;322.057;2076.16;0.0447016;0.0487124;-0.0220144;0.997569;0.7;0.7
4;-76.6045;-91.0348;1961.63;-0.533369;0.734905;0.244989;-0.339724;0.7;0.7
13;166.799;-1166.9;2070.57;0;0;0;0;0.7;0
6;-15.9123;197.075;1889.48;0;0;0;0;0.7;0
9;151.528;-357.408;1959.23;-0.0646375;-0.0355627;0.00998187;0.997225;0.7;0.7
11;157.102;-718.358;2006.42;-0.0705284;-0.0353746;0.0132351;0.996794;0.7;0.7
2;116.307;44.894;2068;0.46857;-0.0492865;0.353475;0.808127;0.7;0.7
1;286.521;41.5552;2051.63;0.0447016;0.0487124;-0.0220144;0.997569;0.7;0.7
5;563.968;-144.602;1910.74;0.575113;0.798079;0.0563862;0.170692;0.7;0.7
14;361.964;-1154.04;2036.23;0;0;0;0;0;0
7;472.477;161.399;1842.96;0;0;0;0;0.7;0
10;385.833;-362.004;1936.69;-0.0422043;-0.106662;0.0339813;0.992818;0.7;0.7
12;409.75;-768.645;1973.94;-0.0861526;-0.115632;-0.0513928;0.988213;0.7;0
3;456.735;38.2164;2035.26;0.269636;0.143711;-0.511107;0.803376;0.7;0.7
8;277.601;-159.075;1999.79;0.126864;0.046285;-0.0157791;0.990714;0.7;0.7
1;1367;2
0;300.243;321.514;2076.44;0.054365;0.0554036;-0.0275426;0.996602;0.7;0.7
4;-75.9303;-94.9888;1959.63;-0.542571;0.722874;0.231935;-0.359549;0.7;0.7
13;174.967;-1157.24;2080.01;0;0;0;0;0.7;0
6;-29.3908;194.95;1877.9;0;0;0;0;0.7;0
9;157.603;-353.664;1958.3;-0.0651247;-0.0348357;0.00359303;0.997262;0.7;0.7
11;158.564;-716.033;2005.87;-0.0824497;-0.0333917;0.0211608;0.995811;0.7;0.7
2;114.506;42.0905;2064.38;0.469825;-0.0447927;0.35699;0.806112;0.7;0.7
1;283.229;44.3143;2047.03;0.054365;0.0554036;-0.0275426;0.996602;0.7;0.7
5;538.929;-140.571;1931.29;0.583094;0.797321;0.0183298;0.15474;0.7;0.7
14;362.585;-1143.87;2032.99;0;0;0;0;0;0
7;452.154;157.752;1859.42;0;0;0;0;0.7;0
10;398.507;-350.489;1933.53;-0.0482358;-0.105904;0.0153866;0.993087;0.7;0.7
12;406.829;-757.479;1974.05;-0.0811029;-0.111452;-0.0477106;0.989305;0.7;0
3;451.952;46.5381;2029.68;0.21402;0.123393;-0.542706;0.80277;0.7;0.7
8;280.642;-153.881;1996.47;0.124717;0.0516306;0.000116806;0.990848;0.7;0.7
1;1368;2
0;301.047;321.458;2077.37;0.0724292;0.069878;-0.0329046;0.994378;0.7;0.7
4;-76.9047;-97.8252;1956.16;-0.536169;0.72891;0.20545;-0.37283;0.7;0.7
13;180.222;-1161.1;2088.25;0;0;0;0;0.7;0
6;-33.3117;179.326;1860.34;0;0;0;0;0.7;0
9;157.037;-357.507;1961.33;-0.0601886;-0.0217647;0.00367721;0.997943;0.7;0.7
11;158.759;-719.699;2005.22;-0.0922574;-0.0197558;0.0258133;0.995205;0.7;0.7
2;114.064;41.3471;2059.98;0.449549;-0.0496237;0.357202;0.817221;0.7;0.7
1;279.861;44.6242;2038.28;0.0724292;0.069878;-0.0329046;0.994378;0.7;0.7
5;541.888;-146.056;1932.11;0.573407;0.803703;0.0545769;0.149287;0.7;0.7
14;362.296;-1146.9;2028.79;0;0;0;0;0;0
7;445.536;157.391;1874.72;0;0;0;0;0.7;0
10;394.272;-352.818;1930.27;-0.0547799;-0.0926482;0.0159094;0.994064;0.7;0.7
12;403.059;-759.242;1976.03;-0.0720721;-0.0974423;-0.0451704;0.9916;0.7;0
3;445.658;47.9013;2016.57;0.213708;0.0828771;-0.534886;0.813239;0.7;0.7
8;277.758;-155.269;1992.04;0.1135;0.0657383;0.00235626;0.991358;0.7;0.7
1;1369;2
0;301.012;321.63;2078.42;0.0823803;0.0759502;-0.0329212;0.993157;0.7;0.7
4;-75.7766;-105.258;1959.07;-0.512376;0.757648;0.170031;-0.366783;0.7;0.7
13;188.402;-1160.07;2089.27;0;0;0;0;0.7;0
6;-13.7747;166.12;1844.17;0;0;0;0;0.7;0
9;160.087;-357.624;1962.13;-0.0568983;-0.0165614;-0.00119974;0.998242;0.7;0.7
11;158.519;-721.783;2003.75;-0.0955839;-0.0129879;0.0348102;0.994728;0.7;0.7
2;113.635;41.1108;2057.54;0.400283;-0.053829;0.362233;0.840037;0.7;0.7
1;279.125;45.1156;2033.86;0.0823803;0.0759502;-0.0329212;0.993157;0.7;0.7
5;538.261;-146.698;1934.74;0.599788;0.786684;0.0595754;0.133546;0.7;0.7
14;364.963;-1145.59;2030.6;0;0;0;0;0;0
7;454.966;179.758;1887.57;0;0;0;0;0.7;0
10;392.237;-352.006;1928.91;-0.0545741;-0.0869907;0.0169838;0.994568;0.7;0.7
12;402.169;-758.225;1974.51;-0.0756676;-0.0917707;-0.0406943;0.992067;0.7;0
3;444.616;49.1205;2010.18;0.196449;0.0712878;-0.539591;0.815578;0.7;0.7
8;277.644;-154.849;1989.69;0.108458;0.0718779;0.00421463;0.99149;0.7;0.7
1;1370;2
0;301.567;321.438;2079.3;0.089435;0.0705604;-0.0298101;0.993043;0.7;0.7
4;-72.4404;-109.497;1964.34;-0.484137;0.790083;0.142975;-0.347762;0.7;0.7
13;184.373;-1147.12;2081.35;0;0;0;0;0;0
6;15.2805;152.58;1839.72;0;0;0;0;0.7;0
9;158.93;-355.455;1962.12;-0.0576468;-0.0199978;-0.00304495;0.998132;0.7;0.7
11;155.501;-761.672;2009.13;-0.0916777;-0.01602;0.0383763;0.99492;0.7;0
2;117.098;45.7673;2053.24;0.34778;-0.0502312;0.365895;0.861769;0.7;0.7
1;281.559;47.8247;2030.99;0.089435;0.0705604;-0.0298101;0.993043;0.7;0.7
5;535.155;-149.581;1932.52;0.609533;0.757315;0.125056;0.198252;0.7;0.7
14;365.197;-1146.39;2032.07;0;0;0;0;0;0
7;475.234;177.289;1882.85;0;0;0;0;0.7;0
10;391.352;-352.547;1930.68;-0.0569354;-0.0901353;0.0178699;0.99414;0.7;0.7
12;401.684;-758.578;1978.29;-0.0727328;-0.0947294;-0.0398229;0.992044;0.7;0
3;446.019;49.882;2008.74;0.282639;0.0102697;-0.554333;0.782767;0.7;0.7
8;278.35;-153.088;1988.7;0.103845;0.0674637;-0.00081419;0.992302;0.7;0.7
1;1371;2
0;302.581;320.741;2079.12;0.0772684;0.0463506;-0.0188276;0.995754;0.7;0.7
4;-68.406;-111.711;1973.58;-0.459977;0.822649;0.123881;-0.31036;0.7;0.7
13;180.76;-1143.59;2067.31;0;0;0;0;0;0
6;48.028;140.948;1853.37;0;0;0;0;0.7;0
9;158.985;-350.173;1957.92;-0.0514807;-0.0390817;-0.00370689;0.997902;0.7;0.7
11;154.313;-757.026;1999.83;-0.0849043;-0.0354099;0.03681;0.995079;0.7;0
2;119.82;51.4166;2053.04;0.298485;-0.0468688;0.371257;0.877997;0.7;0.7
1;290.27;48.5468;2037.18;0.0772684;0.0463506;-0.0188276;0.995754;0.7;0.7
5;542.481;-134.624;1921.71;0.640263;0.727818;0.117867;0.215527;0.7;0.7
14;361.612;-1148.47;2034.34;0;0;0;0;0;0
7;513.757;189.029;1868.1;0;0;0;0;0.7;0
10;391.298;-354.085;1936.3;-0.0559675;-0.109242;0.0160151;0.992309;0.7;0.7
12;399.297;-760.344;1983.16;-0.0703334;-0.113557;-0.0403166;0.990218;0.7;0
3;460.72;45.6769;2021.32;0.332973;0.0507681;-0.559427;0.757359;0.7;0.7
8;282.706;-151.791;1992.14;0.111007;0.0451565;-0.0134921;0.992701;0.7;0.7
1;1372;2
0;304.299;320.385;2078.97;0.0795006;0.0484841;-0.0234795;0.995378;0.7;0.7
4;-64.4172;-125.606;1976.36;-0.462009;0.829113;0.108243;-0.29564;0.7;0.7
13;184.703;-1158.59;2069.18;0;0;0;0;0.7;0
6;54.4474;122.133;1859.91;0;0;0;0;0.7;0
9;159.763;-349.008;1958.53;-0.0487718;-0.0380419;-0.00665392;0.998063;0.7;0.7
11;153.544;-713.184;1993.97;-0.0821669;-0.034109;0.0373846;0.995333;0.7;0.7
2;120.851;48.9185;2051.8;0.275246;-0.0405966;0.386534;0.879308;0.7;0.7
1;289.185;46.6316;2035.67;0.0795006;0.0484841;-0.0234795;0.995378;0.7;0.7
5;541.095;-140.403;1921.44;0.648618;0.709743;0.113465;0.250369;0.7;0.7
14;358.28;-1147.75;2031.71;0;0;0;0;0;0
7;529.566;198.862;1849.18;0;0;0;0;0.7;0
10;390.902;-352.148;1936.37;-0.0586922;-0.108083;0.0156261;0.992285;0.7;0.7
12;398.407;-758.71;1985.46;-0.0642704;-0.112248;-0.0441438;0.990616;0.7;0
3;457.519;44.3447;2019.53;0.346542;0.0315353;-0.5599;0.751948;0.7;0.7
8;282.259;-151.973;1991.56;0.109695;0.046727;-0.0119731;0.992794;0.7;0.7
1;1373;2
0;304.015;320.527;2079.42;0.0756186;0.0455053;-0.0214296;0.995867;0.7;0.7
4;-61.5702;-132.862;1979.5;-0.4684;0.832679;0.11059;-0.273892;0.7;0.7
13;181.969;-1144.02;2060.35;0;0;0;0;0;0
6;61.3696;118.488;1874.09;0;0;0;0;0.7;0
9;158.567;-348.945;1957.89;-0.0466041;-0.0401586;-0.00712888;0.99808;0.7;0.7
11;151.205;-756.726;1995.76;-0.0808713;-0.0358428;0.0421569;0.995187;0.7;0
2;119.092;48.4841;2053.57;0.268191;-0.0363067;0.399627;0.875816;0.7;0.7
1;290.199;45.2304;2037.98;0.0756186;0.0455053;-0.0214296;0.995867;0.7;0.7
5;549.189;-134.893;1918.61;0.652677;0.693755;0.0822054;0.293187;0.7;0.7
14;365.469;-1148.82;2039.93;0;0;0;0;0;0
7;557.347;190.757;1816.36;0;0;0;0;0.7;0
10;390.246;-353.35;1936.79;-0.0620631;-0.110217;0.0152034;0.991851;0.7;0.7
12;396.995;-759.608;1988.59;-0.0695273;-0.113768;-0.0324206;0.990541;0.7;0
3;461.306;41.9767;2022.4;0.362875;0.0445395;-0.548696;0.751845;0.7;0.7
8;282.303;-152.959;1992.66;0.112864;0.0440285;-0.0145448;0.992528;0.7;0.7
1;1374;2
0;303.506;320.667;2078.85;0.069601;0.0433861;-0.0205889;0.996418;0.7;0.7
4;-55.0365;-137.813;1981.54;-0.49189;0.818497;0.117219;-0.272702;0.7;0.7
13;189.506;-1148.18;2073.78;0;0;0;0;0.7;0
6;56.7818;126.746;1880.76;0;0;0;0;0.7;0
9;158.337;-338.725;1968.03;-0.0339899;-0.0383096;-0.00709078;0.998662;0.7;0.7
11;152.17;-705.659;1992.8;-0.0887115;-0.0331434;0.0445391;0.994509;0.7;0.7
2;116.796;52.2484;2056.54;0.279646;-0.0262617;0.421301;0.862331;0.7;0.7
1;290.323;43.5325;2040.5;0.069601;0.0433861;-0.0205889;0.996418;0.7;0.7
5;558.328;-142.115;1916.18;0.648239;0.688738;0.0603168;0.319043;0.7;0.7
14;362.857;-1162.88;2039.89;0;0;0;0;0.7;0
7;573.358;176.012;1792.79;0;0;0;0;0.7;0
10;368.185;-349.265;1948.63;0.0370764;-0.107036;0.0188719;0.993384;0.7;0.7
12;382.478;-662.779;1926.72;-0.112427;-0.109735;-0.00686751;0.987558;0.7;0.7
3;463.85;34.8167;2024.46;0.365999;0.0534199;-0.53842;0.757162;0.7;0.7
8;276.792;-150.231;1999.41;0.105491;0.0431362;-0.0297335;0.993039;0.7;0.7
1;1375;2
0;303.94;321.614;2079.2;0.0695153;0.0488846;-0.0192777;0.996196;0.7;0.7
4;-36.4538;-149.762;1988.29;-0.529069;0.78393;0.116795;-0.303148;0.7;0.7
13;184.077;-1133.13;2061.38;0;0;0;0;0;0
6;42.3708;127.047;1880.16;0;0;0;0;0.7;0
9;158.956;-337.947;1967.01;-0.0261397;-0.0339422;-0.00558614;0.999066;0.7;0.7
11;153.655;-747.145;1988.26;-0.0920943;-0.0289799;0.0415027;0.994463;0.7;0
2;117.582;47.9777;2058.19;0.299214;0.00100641;0.451692;0.840502;0.7;0.7
1;291.124;41.0654;2040.47;0.0695153;0.0488846;-0.0192777;0.996196;0.7;0.7
5;562.603;-147.655;1903.59;0.651682;0.679558;0.0338972;0.335205;0.7;0.7
14;362.683;-1152.16;2044.38;0;0;0;0;0.7;0
7;586.834;149.395;1769.06;0;0;0;0;0.7;0
10;375.494;-346.572;1944.9;-0.00759596;-0.104431;0.0450976;0.99348;0.7;0.7
12;401.531;-641.143;1952.15;-0.0926885;-0.114222;-0.0270187;0.988753;0.7;0.7
3;464.666;34.153;2022.75;0.368596;0.0681247;-0.538494;0.754666;0.7;0.7
8;279.175;-150.597;1998.21;0.109505;0.0483477;-0.0252811;0.992488;0.7;0.7
1;1376;2
0;303.546;322.182;2080.54;0.071668;0.0529268;-0.0179979;0.995861;0.7;0.7
4;-27.6586;-153.076;1989.11;-0.551666;0.760844;0.121524;-0.319393;0.7;0.7
13;191.389;-1135.65;2056.28;0;0;0;0;0;0
6;31.0302;134.28;1878.84;0;0;0;0;0.7;0
9;159.192;-339.535;1964.59;-0.02861;-0.0309143;-0.00567943;0.999096;0.7;0.7
11;153.811;-749.028;1987.9;-0.0858561;-0.025629;0.0501022;0.994717;0.7;0
2;116.261;45.504;2059.45;0.318298;0.0129502;0.46668;0.825063;0.7;0.7
1;291.169;40.3304;2040.41;0.071668;0.0529268;-0.0179979;0.995861;0.7;0.7
5;565.798;-148.247;1900.38;0.640037;0.685758;0.00312072;0.346524;0.7;0.7
14;383.976;-1142.66;2029.67;0;0;0;0;0;0
7;584.447;127.79;1752.55;0;0;0;0;0.7;0
10;381.334;-346.106;1940.4;-0.0226945;-0.102535;0.0350517;0.993852;0.7;0.7
12;408.004;-754.866;1961.85;-0.0891729;-0.109299;-0.0209271;0.98978;0.7;0
3;466.078;35.1567;2021.36;0.35083;0.0823335;-0.535327;0.763914;0.7;0.7
8;280.716;-151.245;1996.45;0.113663;0.0521601;-0.0207927;0.991931;0.7;0.7
1;1377;2
0;302.346;322.927;2081.6;0.0746893;0.0540633;-0.0146503;0.995633;0.7;0.7
4;-29.2411;-148.536;1965.01;-0.571042;0.747989;0.135246;-0.310051;0.7;0.7
13;193.467;-1136.79;2056.23;0;0;0;0;0;0
6;19.8952;147.793;1867.29;0;0;0;0;0.7;0
9;159.647;-341.12;1963.67;-0.0291507;-0.0299927;-0.00747595;0.999097;0.7;0.7
11;152.802;-750.568;1987.38;-0.086462;-0.0240949;0.0539306;0.994502;0.7;0
2;116.353;43.9667;2058.92;0.354728;-0.0191024;0.467492;0.809478;0.7;0.7
1;291.672;39.691;2039.43;0.0746893;0.0540633;-0.0146503;0.995633;0.7;0.7
5;559.837;-148.251;1904.18;0.609349;0.71701;-0.0536575;0.334232;0.7;0.7
14;382.375;-1144.17;2029.24;0;0;0;0;0;0
7;550.141;90.9486;1748.7;0;0;0;0;0.7;0
10;385.359;-346.625;1938.58;-0.032377;-0.102114;0.0277421;0.993859;0.7;0.7
12;405.266;-755.324;1967.3;-0.0814651;-0.107072;-0.020486;0.990696;0.7;0
3;466.991;35.4153;2019.94;0.289416;0.11389;-0.53891;0.782843;0.7;0.7
8;282.087;-152.091;1995.28;0.113954;0.0535602;-0.0183686;0.991871;0.7;0.7
1;1378;2
0;301.168;322.758;2081.67;0.100543;0.0407388;-0.00745446;0.99407;0.7;0.7
4;-31.3359;-154.018;1960.99;-0.568048;0.728461;0.149738;-0.352483;0.7;0.7
13;199.592;-1153.55;2060.08;0;0;0;0;0.7;0
6;2.38475;142.41;1851.9;0;0;0;0;0.7;0
9;160.22;-338.853;1958.67;-0.0299847;-0.0406073;-0.00896842;0.998685;0.7;0.7
11;152.273;-728.649;1981.78;-0.0886577;-0.033964;0.0578042;0.993803;0.7;0.7
2;125.36;52.4796;2040.47;0.367142;0.0269472;0.458593;0.80881;0.7;0.7
1;294.674;46.2995;2025.43;0.100543;0.0407388;-0.00745446;0.99407;0.7;0.7
5;548.326;-169.527;1916.06;0.581836;0.744711;-0.116753;0.305356;0.7;0.7
14;384.861;-1143.5;2041.72;0;0;0;0;0;0
7;506.975;71.4867;1737.06;0;0;0;0;0.7;0
10;387.055;-347.132;1938.52;-0.0447522;-0.111684;0.0288452;0.992316;0.7;0.7
12;406.436;-754.964;1977.59;-0.0842602;-0.116503;-0.0177226;0.989451;0.7;0
3;463.988;40.1195;2010.38;0.189688;0.107741;-0.562301;0.797639;0.7;0.7
8;284.156;-148.346;1987.01;0.0982175;0.0422709;-0.0224528;0.994013;0.7;0.7
1;1379;2
0;300.537;322.555;2082.4;0.118269;0.081089;-0.0191654;0.98948;0.7;0.7
4;-30.5116;-162.238;1943.16;-0.585998;0.719265;0.0985097;-0.359945;0.7;0.7
13;200.889;-1160.19;2069.38;0;0;0;0;0.7;0
6;-13.0957;131.998;1813.62;0;0;0;0;0.7;0
9;163.679;-344.516;1967.41;-0.0286196;-0.00656732;-0.0186683;0.999394;0.7;0.7
11;149.235;-726.841;1989.24;-0.0909331;0.00169041;0.0583946;0.994142;0.7;0.7
2;119.004;40.4726;2042.31;0.359894;-0.016125;0.472836;0.804141;0.7;0.7
1;284.023;41.6947;2015.62;0.118269;0.081089;-0.0191654;0.98948;0.7;0.7
5;541.373;-174.856;1936.62;0.544042;0.77393;-0.141162;0.29176;0.7;0.7
14;386.054;-1139.52;2039.54;0;0;0;0;0;0
7;466.226;65.2376;1745.37;0;0;0;0;0.7;0
10;388.597;-342.85;1931.03;-0.051706;-0.0781235;0.0259405;0.995264;0.7;0.7
12;406.478;-750.633;1974.95;-0.0839907;-0.0826482;-0.0190656;0.99285;0.7;0
3;449.043;42.9167;1988.93;0.101934;0.0625747;-0.552737;0.824728;0.7;0.7
8;280.081;-150.994;1982.42;0.0857289;0.0801109;-0.00323514;0.993087;0.7;0.7
1;1380;2
0;299.69;321.731;2082.56;0.118727;0.084849;-0.0242428;0.988998;0.7;0.7
4;-26.215;-166.496;1937.75;-0.592348;0.711499;0.0452254;-0.375297;0.7;0.7
13;201.161;-1161.51;2072.02;0;0;0;0;0.7;0
6;-20.8867;115.781;1783.08;0;0;0;0;0.7;0
9;165.018;-346.762;1966.52;-0.0107907;-0.00626056;-0.0517743;0.998581;0.7;0.7
11;135.428;-630.95;1972.49;-0.0925912;0.00850253;0.0600198;0.993857;0.7;0.7
2;114.112;36.9487;2043.21;0.339841;-0.0381319;0.487268;0.803507;0.7;0.7
1;279.983;40.8438;2015.79;0.118727;0.084849;-0.0242428;0.988998;0.7;0.7
5;526.66;-180.379;1943.69;0.538889;0.783685;-0.192737;0.241432;0.7;0.7
14;389.27;-1137.29;2045.68;0;0;0;0;0;0
7;429.082;61.9633;1754.69;0;0;0;0;0.7;0
10;390.576;-341.466;1929.24;-0.0567573;-0.0775922;0.0232304;0.995097;0.7;0.7
12;405.94;-748.908;1977.09;-0.0886714;-0.0814873;-0.0139919;0.992624;0.7;0
3;445.854;44.739;1988.37;0.0356969;0.0876136;-0.571204;0.815338;0.7;0.7
8;278.89;-151.635;1981.84;0.0871316;0.0825052;0.00442441;0.992765;0.7;0.7
1;1381;2
0;299.246;321.102;2082.27;0.120893;0.091743;-0.0324254;0.987885;0.7;0.7
4;-21.9404;-172.287;1935.27;-0.584158;0.712243;-0.0132519;-0.388965;0.7;0.7
13;179.657;-1146.93;2053.08;0;0;0;0;0;0
6;-17.0785;95.3219;1749.81;0;0;0;0;0.7;0
9;169.747;-353.164;1961.54;-0.0245585;-0.00217026;-0.0449341;0.998686;0.7;0.7
11;132.858;-761.541;1981.6;-0.0917052;0.0104869;0.0586687;0.994001;0.7;0
2;109.833;30.2718;2042.64;0.307322;-0.0621585;0.49696;0.809148;0.7;0.7
1;274.116;38.8573;2014.4;0.120893;0.091743;-0.0324254;0.987885;0.7;0.7
5;512.342;-173.32;1943.35;0.55604;0.778509;-0.175373;0.232351;0.7;0.7
14;389.788;-1136.16;2049.3;0;0;0;0;0;0
7;425;76.984;1765.65;0;0;0;0;0.7;0
10;394.046;-341.442;1922.99;-0.0701742;-0.0766791;0.0197956;0.994386;0.7;0.7
12;405.79;-747.607;1981.53;-0.0875346;-0.0798887;-0.0133717;0.992863;0.7;0
3;438.398;47.4429;1986.16;0.0470097;0.0780351;-0.581143;0.808686;0.7;0.7
8;278.006;-154.223;1978.33;0.0909749;0.0869314;0.0179558;0.991889;0.7;0.7
1;1382;2
0;298.974;320.226;2081.6;0.131336;0.0866218;-0.0409351;0.986698;0.7;0.7
4;-21.1368;-169.669;1944.5;-0.550931;0.72238;-0.0775926;-0.410636;0.7;0.7
13;179.535;-1145.82;2053.52;0;0;0;0;0;0
6;-3.24095;65.5624;1726.45;0;0;0;0;0.7;0
9;167.307;-353.635;1960.77;-0.0230042;-0.00961992;-0.0437939;0.998729;0.7;0.7
11;131.259;-761.646;1979.26;-0.0950046;0.00366034;0.0612714;0.993583;0.7;0
2;100.362;25.0063;2033.52;0.247358;-0.0695042;0.498357;0.828024;0.7;0.7
1;268.214;34.3734;2006.7;0.131336;0.0866218;-0.0409351;0.986698;0.7;0.7
5;507.521;-171.68;1929.49;0.574761;0.773309;-0.135519;0.230818;0.7;0.7
14;388.065;-1135.13;2048.73;0;0;0;0;0;0
7;432.115;96.0535;1763.36;0;0;0;0;0.7;0
10;391.339;-341.133;1924.98;-0.069943;-0.0829805;0.0232385;0.993822;0.7;0.7
12;405.519;-746.696;1983.57;-0.0845636;-0.0865664;-0.0149261;0.992538;0.7;0
3;436.067;43.7405;1979.89;0.0868169;0.0717653;-0.584105;0.803824;0.7;0.7
8;273.769;-156.505;1974.79;0.081266;0.0810138;0.021072;0.993171;0.7;0.7
1;1383;2
0;299.016;319.664;2081.29;0.148709;0.0765701;-0.047391;0.984773;0.7;0.7
4;-22.6499;-169.51;1946.29;-0.507994;0.747761;-0.136417;-0.405197;0.7;0.7
13;173.589;-1146.87;2055.23;0;0;0;0;0;0
6;26.5464;35.8514;1710.75;0;0;0;0;0.7;0
9;165.554;-354.665;1958.94;-0.0247405;-0.0216856;-0.0430629;0.998531;0.7;0.7
11;129.852;-762.66;1978.43;-0.0975352;-0.00867573;0.0566779;0.993579;0.7;0
2;94.3562;24.5846;2019.16;0.170114;-0.0807596;0.497724;0.846646;0.7;0.7
1;264.148;33.9952;1995.52;0.148709;0.0765701;-0.047391;0.984773;0.7;0.7
5;513.056;-168.717;1909.2;0.594858;0.751263;-0.0710136;0.276958;0.7;0.7
14;387.924;-1135.93;2054.43;0;0;0;0;0;0
7;469.051;102.023;1750.57;0;0;0;0;0.7;0
10;390.582;-342.193;1927.6;-0.0762626;-0.0936893;0.0221756;0.992429;0.7;0.7
12;402.769;-747.038;1991.37;-0.0817027;-0.0965963;-0.0110242;0.991903;0.7;0
3;433.939;43.4057;1971.87;0.170986;0.044061;-0.574162;0.799475;0.7;0.7
8;271.108;-157.217;1969.39;0.0663529;0.0707271;0.0228267;0.995025;0.7;0.7
1;1384;2
0;298.828;319.718;2082;0.15368;0.084745;-0.0475821;0.983329;0.7;0.7
4;-30.0917;-191.605;1943.45;-0.477018;0.774804;-0.185819;-0.37095;0.7;0.7
13;169.21;-1152.69;2059.63;0;0;0;0;0;0
6;54.8329;-2.25479;1706.62;0;0;0;0;0.7;0
9;163.164;-360.249;1964.56;-0.0219989;-0.0142714;-0.0428261;0.998738;0.7;0.7
11;127.832;-768.366;1982.08;-0.0989123;-0.0013426;0.052945;0.993686;0.7;0
2;92.2442;23.2923;2019.8;0.104458;-0.111728;0.501162;0.851729;0.7;0.7
1;262.633;32.8076;1992.99;0.15368;0.084745;-0.0475821;0.983329;0.7;0.7
5;524.453;-164.424;1900.23;0.590931;0.746034;-0.0329406;0.305202;0.7;0.7
14;388.018;-1141.09;2057.25;0;0;0;0;0;0
7;488.529;104.017;1746.22;0;0;0;0;0.7;0
10;390.712;-347.542;1928.76;-0.0778443;-0.085607;0.0200502;0.993081;0.7;0.7
12;401.576;-752.26;1993.56;-0.0822596;-0.088226;-0.0100109;0.992648;0.7;0
3;433.021;42.323;1966.18;0.212616;0.0280569;-0.55234;0.805561;0.7;0.7
8;269.785;-160.544;1969.83;0.0579083;0.0793352;0.0230649;0.994897;0.7;0.7
1;1385;2
0;298.433;319.794;2082.42;0.141505;0.0741143;-0.0409283;0.986311;0.7;0.7
4;-32.2766;-187.537;1953.22;-0.413642;0.798593;-0.259937;-0.351544;0.7;0.7
13;166.391;-1155.24;2063.33;0;0;0;0;0;0
6;86.9772;-48.7476;1727.71;0;0;0;0;0.7;0
9;160.435;-361.632;1967.51;-0.0196813;-0.0221825;-0.035327;0.998936;0.7;0.7
11;131.118;-770.595;1983;-0.101954;-0.0107543;0.0460918;0.993663;0.7;0
2;90.6609;28.1127;2025.81;0.0155057;-0.154592;0.488289;0.85874;0.7;0.7
1;268.148;34.9608;2001.11;0.141505;0.0741143;-0.0409283;0.986311;0.7;0.7
5;540.928;-165.365;1897.19;0.586971;0.73928;-0.0586233;0.324797;0.7;0.7
14;389.927;-1146.43;2066.61;0;0;0;0;0;0
7;510.117;90.4433;1727.93;0;0;0;0;0.7;0
10;392.278;-352.686;1935.24;-0.0798264;-0.0928827;0.0191024;0.992288;0.7;0.7
12;401.748;-757.463;2001.7;-0.0836165;-0.0951903;-0.00707911;0.991916;0.7;0
3;445.635;41.8088;1976.41;0.219758;0.0543292;-0.547429;0.805653;0.7;0.7
8;272.252;-161.099;1976.24;0.0621389;0.0701018;0.0148044;0.995493;0.7;0.7
1;1386;2
0;297.495;319.59;2082.21;0.145875;0.0754509;-0.0423639;0.985512;0.7;0.7
4;-29.1736;-182.372;1952.96;-0.351869;0.803798;-0.321452;-0.356042;0.7;0.7
13;179.584;-1166.94;2082.75;0;0;0;0;0.7;0
6;109.941;-88.457;1730.25;0;0;0;0;0.7;0
9;162.141;-359.987;1964.85;-0.0150282;-0.0219601;-0.0341388;0.999063;0.7;0.7
11;137.634;-714.816;1975;-0.115951;-0.00882693;0.046333;0.992134;0.7;0.7
2;90.2798;25.4877;2022.52;-0.0501447;-0.190021;0.47395;0.858341;0.7;0.7
1;265.854;33.5444;1997.9;0.145875;0.0754509;-0.0423639;0.985512;0.7;0.7
5;548.63;-163.179;1904.86;0.567948;0.733015;-0.0594984;0.369573;0.7;0.7
14;387.442;-1142.94;2064.54;0;0;0;0;0;0
7;523.962;74.9381;1720.86;0;0;0;0;0.7;0
10;391.421;-349.466;1932.69;-0.0819403;-0.0930142;0.0190591;0.992104;0.7;0.7
12;400.681;-753.889;2000.85;-0.082261;-0.0954121;-0.00900483;0.991992;0.7;0
3;441.427;41.6011;1973.28;0.222249;0.0304838;-0.526033;0.820345;0.7;0.7
8;271.317;-160.591;1973.34;0.0617207;0.0708302;0.018411;0.995407;0.7;0.7
1;1387;2
0;296.218;319.715;2081.68;0.133037;0.0672986;-0.0382393;0.988084;0.7;0.7
4;-24.6486;-179.712;1968.26;-0.299558;0.800264;-0.37847;-0.355812;0.7;0.7
13;172.998;-1150.48;2057.75;0;0;0;0;0;0
6;128.953;-122.822;1752.68;0;0;0;0;0.7;0
9;162.613;-358.529;1961.72;-0.00666376;-0.0288685;-0.0270784;0.999194;0.7;0.7
11;140.257;-768.12;1966.54;-0.115772;-0.0172098;0.0438378;0.992159;0.7;0
2;92.8736;28.4519;2027.29;-0.117594;-0.205445;0.468131;0.851362;0.7;0.7
1;268.595;35.5257;2005.51;0.133037;0.0672986;-0.0382393;0.988084;0.7;0.7
5;558.59;-162.448;1916.52;0.540828;0.733672;-0.101189;0.398737;0.7;0.7
14;385.09;-1143.17;2062.64;0;0;0;0;0;0
7;531.253;38.3981;1720.84;0;0;0;0;0.7;0
10;391.56;-349.312;1933.34;-0.0792916;-0.0999987;0.0182147;0.991656;0.7;0.7
12;399.874;-754.111;1999.35;-0.0820052;-0.102463;-0.0104279;0.991296;0.7;0
3;444.317;42.5994;1983.73;0.196623;0.0438817;-0.513881;0.833871;0.7;0.7
8;272.841;-159.197;1976.52;0.0729817;0.0628816;0.0154435;0.995229;0.7;0.7
1;1388;2
0;294.777;319.704;2080.74;0.143962;0.051855;-0.0440012;0.987244;0.7;0.7
4;-32.8931;-183.472;1992.52;-0.283977;0.789448;-0.423762;-0.3414;0.7;0.7
13;176.267;-1110.87;2053.62;0;0;0;0;0;0
6;134.8;-139.438;1776.62;0;0;0;0;0.7;0
9;159.954;-363.44;1954.01;0.107533;0.0254468;0.0048911;0.993864;0.7;0.7
11;161.697;-764.122;1866.23;-0.245443;0.0221487;0.0134497;0.969065;0.7;0
2;85.8581;17.0159;2010.5;-0.194953;-0.154055;0.471392;0.846197;0.7;0.7
1;263.318;24.7127;1994.31;0.143962;0.051855;-0.0440012;0.987244;0.7;0.7
5;563.194;-173.258;1927.17;0.485228;0.755096;-0.161582;0.410215;0.7;0.7
14;383.873;-1146.25;2051.95;0;0;0;0;0;0
7;511.516;-12.1724;1718.82;0;0;0;0;0.7;0
10;390.648;-353.434;1932.97;-0.0334193;-0.117616;-0.00160101;0.992495;0.7;0.7
12;386.12;-762.704;1960.03;-0.116896;-0.114531;0.0106849;0.98646;0.7;0
3;440.778;32.4094;1978.13;0.119897;0.0519038;-0.497171;0.85776;0.7;0.7
8;269.31;-166.862;1968.9;0.065068;0.046735;0.0185983;0.996612;0.7;0.7
1;1389;2
0;293.403;319.714;2079.61;0.140138;0.0482018;-0.0408596;0.988114;0.7;0.7
4;-31.7801;-194.443;1994.67;-0.285566;0.790717;-0.439801;-0.315902;0.7;0.7
13;176.79;-1130.72;2052.53;0;0;0;0;0;0
6;153.477;-143.941;1776.44;0;0;0;0;0.7;0
9;158.705;-366.583;1950.94;0.0724958;0.0409913;0.00343627;0.99652;0.7;0.7
11;159.075;-771.768;1891.66;-0.209693;0.0383855;0.0147867;0.976901;0.7;0
2;89.3751;20.7314;2011.1;-0.215019;-0.162749;0.478267;0.835787;0.7;0.7
1;264.606;27.2214;1996.21;0.140138;0.0482018;-0.0408596;0.988114;0.7;0.7
5;558.181;-173.712;1943.62;0.431702;0.76594;-0.251984;0.404319;0.7;0.7
14;383.596;-1146.25;2045.09;0;0;0;0;0;0
7;478.843;-52.8375;1722.52;0;0;0;0;0.7;0
10;389.995;-358.017;1931.28;-0.0118378;-0.120838;-0.0178432;0.992441;0.7;0.7
12;374.32;-767.14;1939.14;-0.133647;-0.110196;0.0269224;0.984515;0.7;0
3;439.837;33.7114;1981.31;0.0231481;0.0769614;-0.499326;0.862678;0.7;0.7
8;269.478;-167.539;1968.66;0.0695733;0.0435411;0.015464;0.996506;0.7;0.7
1;1390;2
0;292.308;320.266;2078.57;0.138567;0.0424423;-0.0361361;0.988783;0.7;0.7
4;-24.7854;-187.947;1997.79;-0.265762;0.790344;-0.465018;-0.297465;0.7;0.7
13;174.195;-1141.92;2055.73;0;0;0;0;0;0
6;163.626;-148.308;1799.54;0;0;0;0;0.7;0
9;158.094;-364.414;1954.35;0.0376847;0.0377689;-0.0207109;0.998361;0.7;0.7
11;139.994;-772.39;1924.17;-0.171703;0.0496818;0.0354941;0.983255;0.7;0
2;95.3211;23.8716;2009.24;-0.250505;-0.171842;0.473411;0.826801;0.7;0.7
1;266.964;28.2284;1996.06;0.138567;0.0424423;-0.0361361;0.988783;0.7;0.7
5;543.682;-176.73;1954.82;0.333929;0.768229;-0.400532;0.371336;0.7;0.7
14;388.106;-1177.06;2063.94;0;0;0;0;0.7;0
7;404.926;-117.041;1722.81;0;0;0;0;0.7;0
10;387.858;-358.582;1936.7;0.00826988;-0.125811;-0.0314167;0.991522;0.7;0.7
12;364.834;-740.108;1927.41;-0.147044;-0.106712;0.0418092;0.982468;0.7;0.7
3;438.607;32.5852;1982.88;-0.129323;0.148536;-0.505183;0.840239;0.7;0.7
8;269.97;-166.635;1970.79;0.0640744;0.0390325;0.0101784;0.99713;0.7;0.7
1;1391;2
0;284.839;323.269;2071.71;0.137284;0.0255503;-0.0127527;0.99012;0.7;0.7
4;-8.36256;-187.194;2013.21;-0.263456;0.773664;-0.524137;-0.239404;0.7;0.7
13;174.05;-1142.53;2050.39;0;0;0;0;0;0
6;205.977;-142.207;1827.56;0;0;0;0;0.7;0
9;154.446;-362.6;1948.28;0.0292025;0.0239915;-0.0138771;0.999189;0.7;0.7
11;142.524;-770.986;1924.67;-0.163311;0.0335544;0.0350922;0.985379;0.7;0
2;111.95;34.8403;1998.57;-0.330723;-0.165647;0.484512;0.792737;0.7;0.7
1;275.135;33.9762;1990.16;0.137284;0.0255503;-0.0127527;0.99012;0.7;0.7
5;537.953;-180.283;1959.02;0.276629;0.763808;-0.470132;0.345035;0.7;0.7
14;377.926;-1148.24;2041.05;0;0;0;0;0;0
7;362.05;-151.925;1731.6;0;0;0;0;0.7;0
10;386.68;-363.829;1936.3;0.00698772;-0.13883;-0.033697;0.989718;0.7;0.7
12;360.177;-772.102;1926.81;-0.142944;-0.119789;0.0404189;0.981623;0.7;0
3;438.321;33.1121;1981.74;-0.207334;0.186789;-0.50454;0.817045;0.7;0.7
8;272.849;-164.619;1966.22;0.0600589;0.0255571;-0.00418801;0.997859;0.7;0.7
1;1392;2
0;281.076;323.928;2067.65;0.13559;0.0138764;-0.006191;0.990649;0.7;0.7
4;4.4629;-199.936;2015.66;-0.286402;0.758713;-0.54899;-0.202334;0.7;0.7
13;174.291;-1144.04;2048.67;0;0;0;0;0;0
6;236.1;-134.68;1824.75;0;0;0;0;0.7;0
9;153.558;-362.566;1943.87;0.0210647;0.0132997;-0.016049;0.999561;0.7;0.7
11;140.195;-771.337;1926.81;-0.157943;0.0245435;0.0399824;0.986333;0.7;0
2;114.548;38.0642;1992.23;-0.351342;-0.175939;0.509877;0.765264;0.7;0.7
1;276.281;35.8018;1987.34;0.13559;0.0138764;-0.006191;0.990649;0.7;0.7
5;536.788;-183.769;1961;0.234928;0.768122;-0.509811;0.30804;0.7;0.7
14;376.826;-1145.89;2037.66;0;0;0;0;0;0
7;325.842;-169.656;1746.16;0;0;0;0;0.7;0
10;384.971;-365.803;1936.87;0.0307735;-0.150446;-0.0231565;0.987868;0.7;0.7
12;370.033;-773.934;1909.13;-0.162953;-0.130574;0.0305953;0.977477;0.7;0
3;438.014;33.5395;1982.44;-0.263579;0.21979;-0.495606;0.797868;0.7;0.7
8;272.772;-164.192;1963.85;0.058522;0.0146921;-0.00786464;0.998147;0.7;0.7
1;1393;2
0;282.217;323.131;2067.49;0.132689;-0.00917353;-0.0103925;0.991061;0.7;0.7
4;13.8216;-207.712;2015.8;-0.287639;0.74082;-0.56276;-0.227489;0.7;0.7
13;175.041;-1148.07;2048.61;0;0;0;0;0;0
6;262.048;-149.941;1791.42;0;0;0;0;0.7;0
9;153.281;-365.21;1938.93;0.00930093;-0.00888727;-0.0175824;0.999763;0.7;0.7
11;138.959;-774.182;1931.19;-0.151257;0.00393787;0.0458218;0.987424;0.7;0
2;116.848;39.6536;1986.59;-0.345738;-0.170269;0.529056;0.756025;0.7;0.7
1;276.789;34.9001;1988.85;0.132689;-0.00917353;-0.0103925;0.991061;0.7;0.7
5;534.723;-187.208;1962.27;0.22726;0.778064;-0.508206;0.291026;0.7;0.7
14;373.711;-1141.22;2037.26;0;0;0;0;0;0
7;317.414;-169.925;1757.95;0;0;0;0;0.7;0
10;377.682;-371.879;1942.11;0.0672658;-0.0329975;0.00375609;0.997182;0.7;0.7
12;382.565;-777.46;1887.3;-0.194508;-0.0328383;-0.0049589;0.980339;0.7;0
3;436.73;30.1467;1991.11;-0.266917;0.239392;-0.488544;0.795469;0.7;0.7
8;271.135;-166.822;1964.68;0.0594442;-0.00793298;-0.0144079;0.998096;0.7;0.7
1;1394;2
0;278.432;323.908;2063.62;0.11773;-0.0107566;-0.00882644;0.992948;0.7;0.7
4;21.1546;-211;2009.68;-0.300606;0.743681;-0.556615;-0.216229;0.7;0.7
13;175.576;-1150.65;2048.62;0;0;0;0;0;0
6;252.798;-145.124;1800.23;0;0;0;0;0.7;0
9;152.995;-367.494;1939.78;0.00815294;-0.0106516;-0.0120786;0.999837;0.7;0.7
11;143.189;-776.239;1933.01;-0.148788;-0.000305742;0.041731;0.987988;0.7;0
2;112.505;36.7094;1990.51;-0.328986;-0.188418;0.540326;0.751209;0.7;0.7
1;273.929;31.9896;1993.35;0.11773;-0.0107566;-0.00882644;0.992948;0.7;0.7
5;524.817;-196.732;1953.44;0.221461;0.791118;-0.512877;0.249087;0.7;0.7
14;368.864;-1147.16;2036.24;0;0;0;0;0;0
7;320.904;-171.853;1790.57;0;0;0;0;0.7;0
10;373.132;-373.93;1943.66;0.0581518;-0.0336542;-0.0137493;0.997646;0.7;0.7
12;363.514;-779.928;1895.83;-0.181355;-0.0234271;0.0112419;0.983074;0.7;0
3;435.353;27.2698;1996.19;-0.272983;0.282538;-0.48741;0.779798;0.7;0.7
8;268.496;-169.361;1967.54;0.0635628;-0.00971178;-0.0140239;0.997832;0.7;0.7
1;1395;2
0;274.25;324.63;2059.56;0.10824;-0.0150925;-0.00749735;0.993982;0.7;0.7
4;17.8512;-228.193;1981.7;-0.303056;0.771414;-0.528283;-0.184374;0.7;0.7
13;181.871;-1159.18;2040.46;0;0;0;0;0;0
6;253.018;-142.477;1791.68;0;0;0;0;0.7;0
9;151.439;-373.854;1936.45;0.00289613;-0.0149213;-0.0102687;0.999832;0.7;0.7
11;143.078;-782.679;1933.96;-0.136651;-0.00470424;0.0505135;0.989319;0.7;0
2;110.424;30.016;1989.29;-0.303666;-0.229367;0.527933;0.759253;0.7;0.7
1;270.68;25.1015;1993.48;0.10824;-0.0150925;-0.00749735;0.993982;0.7;0.7
5;520.836;-201.786;1944.65;0.232004;0.808115;-0.492716;0.224399;0.7;0.7
14;364.006;-1158.24;2033.63;0;0;0;0;0;0
7;306.58;-160.149;1784.61;0;0;0;0;0.7;0
10;368.087;-380.498;1942.13;0.0464529;-0.0374854;-0.0199266;0.998018;0.7;0.7
12;353.247;-787.327;1903.6;-0.167347;-0.0247165;0.0180816;0.985422;0.7;0
3;430.937;20.1869;1997.68;-0.260364;0.29655;-0.478336;0.784514;0.7;0.7
8;265.222;-176.037;1966.39;0.0666919;-0.0140801;-0.0144169;0.99757;0.7;0.7
1;1396;2
0;273.071;324.132;2058.88;0.10816;-0.00801715;-0.00525941;0.994087;0.7;0.7
4;17.1733;-223.906;1968.63;-0.302251;0.788405;-0.51004;-0.164078;0.7;0.7
13;185.673;-1162.38;2034.78;0;0;0;0;0;0
6;251.498;-128.997;1794.59;0;0;0;0;0.7;0
9;150.338;-375.441;1935.24;-0.00213081;-0.00749852;-0.0099167;0.99992;0.7;0.7
11;142.218;-784.16;1936.92;-0.125787;0.0021927;0.0555273;0.9905;0.7;0
2;109.82;30.899;1991.35;-0.291242;-0.251129;0.516405;0.765139;0.7;0.7
1;270.407;25.8748;1993.18;0.10816;-0.00801715;-0.00525941;0.994087;0.7;0.7
5;515.74;-211.972;1935.98;0.247043;0.789676;-0.488154;0.277647;0.7;0.7
14;359.898;-1175.24;2029.02;0;0;0;0;0;0
7;303.802;-177.097;1736.95;0;0;0;0;0.7;0
10;366.443;-382.202;1937.7;-0.0115967;-0.0294884;-0.00913454;0.999456;0.7;0.7
12;358.699;-790.827;1946.96;-0.104888;-0.0268064;0.00436249;0.994113;0.7;0
3;430.994;20.8506;1995.01;-0.219884;0.287506;-0.500974;0.78614;0.7;0.7
8;264.399;-176.473;1964.83;0.0694277;-0.00675731;-0.0152042;0.997448;0.7;0.7
1;1397;2
0;271.133;324.365;2057.57;0.109331;-0.00351387;-0.00359964;0.993993;0.7;0.7
4;9.24659;-213.472;1963.12;-0.285727;0.797269;-0.499613;-0.181958;0.7;0.7
13;189.222;-1163.67;2035.22;0;0;0;0;0;0
6;247.502;-128.811;1785.12;0;0;0;0;0.7;0
9;149.39;-376.036;1936.07;-0.00600486;-0.00287646;-0.00901066;0.999937;0.7;0.7
11;142.007;-784.864;1940.96;-0.121372;0.00664319;0.0597849;0.990783;0.7;0
2;108.269;29.8082;1990.53;-0.284483;-0.249392;0.500323;0.778813;0.7;0.7
1;269.174;24.9762;1990.9;0.109331;-0.00351387;-0.00359964;0.993993;0.7;0.7
5;514.402;-214.261;1934.98;0.255866;0.788666;-0.488247;0.272311;0.7;0.7
14;361.091;-1175.45;2034.42;0;0;0;0;0;0
7;302.503;-173.785;1735.24;0;0;0;0;0.7;0
10;364.924;-382.509;1936.56;-0.0181442;-0.0248091;-0.00541543;0.999513;0.7;0.7
12;360.13;-791.14;1951.28;-0.10626;-0.023034;0.00369201;0.994065;0.7;0
3;430.079;20.1442;1991.26;-0.220153;0.282005;-0.505356;0.785252;0.7;0.7
8;263.166;-177.148;1963.61;0.0669978;-0.00213044;-0.0149007;0.99764;0.7;0.7
1;1398;2
0;268.792;325.199;2056.29;0.111369;-0.00399813;0.00128371;0.99377;0.7;0.7
4;8.41991;-197.183;1939.64;-0.25606;0.8232;-0.483754;-0.150855;0.7;0.7
13;187.33;-1165.96;2030.56;0;0;0;0;0;0
6;248.827;-116.705;1794.78;0;0;0;0;0.7;0
9;148.231;-376.36;1934.98;-0.0117155;-0.00221347;-0.00676743;0.999906;0.7;0.7
11;142.677;-785.016;1944.55;-0.110582;0.00555096;0.0566243;0.992237;0.7;0
2;108.923;32.3439;1988.25;-0.28493;-0.291065;0.467333;0.784663;0.7;0.7
1;269.847;26.3246;1988.45;0.111369;-0.00399813;0.00128371;0.99377;0.7;0.7
5;518.558;-210.509;1940.95;0.277072;0.804454;-0.481588;0.210138;0.7;0.7
14;352.826;-1168.39;2024.24;0;0;0;0;0;0
7;298.895;-139.993;1765.67;0;0;0;0;0.7;0
10;361.175;-384.325;1935.25;0.0150824;-0.0253831;-0.0541087;0.998098;0.7;0.7
12;317.333;-790.551;1921.82;-0.131395;-0.00358708;0.0460675;0.990253;0.7;0
3;430.772;20.3054;1988.65;-0.243947;0.276217;-0.499186;0.784224;0.7;0.7
8;262.275;-177.009;1961.78;0.065088;-0.00184412;-0.0186118;0.997704;0.7;0.7
1;1399;2
0;264.542;326.833;2052.96;0.102815;-0.00366223;0.0035671;0.994687;0.7;0.7
4;4.12241;-189.6;1928.44;-0.248579;0.841555;-0.460636;-0.13345;0.7;0.7
13;188.779;-1177.05;2045.28;0;0;0;0;0.7;0
6;248.692;-103.663;1796.49;0;0;0;0;0.7;0
9;146.908;-376.515;1933.44;0.000424455;-0.00261832;-0.0359603;0.99935;0.7;0.7
11;116.813;-794.159;1933;-0.142257;0.0204103;0.0870825;0.98578;0.7;0.7
2;107.637;30.5562;1989.77;-0.273412;-0.307382;0.446343;0.794695;0.7;0.7
1;266.96;25.3412;1989.97;0.102815;-0.00366223;0.0035671;0.994687;0.7;0.7
5;536.469;-191.729;1935.06;0.249178;0.832757;-0.444623;0.216185;0.7;0.7
14;351.85;-1173.32;2025.76;0;0;0;0;0;0
7;302.664;-125.155;1761.23;0;0;0;0;0.7;0
10;360.615;-383.51;1933.7;-0.000926533;-0.0246189;-0.0323114;0.999174;0.7;0.7
12;334.197;-791.505;1933.81;-0.117478;-0.0137437;0.0242445;0.992684;0.7;0
3;426.283;20.1261;1990.17;-0.238857;0.269206;-0.450251;0.817159;0.7;0.7
8;260.361;-177.336;1961.77;0.0690161;-0.00174243;-0.0162782;0.997481;0.7;0.7
1;1400;2
0;261.473;328.131;2052.1;0.0990693;-0.00665051;0.0103424;0.995005;0.7;0.7
4;-0.847534;-189.133;1939.19;-0.270491;0.840092;-0.449868;-0.136744;0.7;0.7
13;183.445;-1160.35;2043.12;0;0;0;0;0;0
6;245.36;-89.1618;1796.48;0;0;0;0;0.7;0
9;145.289;-377.156;1931.91;-0.0151147;-0.00393459;-0.0277546;0.999493;0.7;0.7
11;122.569;-784.988;1944.16;-0.128357;0.0128646;0.076681;0.988675;0.7;0
2;109.606;30.433;1990.19;-0.268533;-0.276681;0.45104;0.804923;0.7;0.7
1;268.263;24.2182;1991.01;0.0990693;-0.00665051;0.0103424;0.995005;0.7;0.7
5;546.177;-187.553;1928.1;0.244115;0.845772;-0.416737;0.226732;0.7;0.7
14;353.58;-1175.12;2032.47;0;0;0;0;0;0
7;298.47;-116.247;1741.2;0;0;0;0;0.7;0
10;360.074;-385.569;1933.02;-0.0077019;-0.0263118;-0.0233167;0.999352;0.7;0.7
12;340.864;-793.725;1938.81;-0.119748;-0.0181954;0.0184992;0.992465;0.7;0
3;426.921;18.0035;1991.84;-0.217823;0.268029;-0.431063;0.833606;0.7;0.7
8;260.473;-178.572;1961.74;0.0715062;-0.00399684;-0.0193376;0.997245;0.7;0.7
1;1401;2
0;259.017;328.039;2052.36;0.059222;0.0197965;0.0130281;0.997964;0.7;0.7
4;-0.855362;-198.984;1942.31;-0.363984;0.850852;-0.344339;-0.158105;0.7;0.7
13;179.713;-1162.97;2050.08;0;0;0;0;0;0
6;185.463;-60.1344;1800.96;0;0;0;0;0.7;0
9;144.458;-379.065;1937.96;-0.0133524;0.0223774;-0.0265099;0.999309;0.7;0.7
11;123.04;-787.206;1949.35;-0.13224;0.0378057;0.0678823;0.988168;0.7;0
2;100.476;25.9903;2023.47;-0.12962;-0.265876;0.483996;0.823563;0.7;0.7
1;266.313;21.9096;2015.74;0.059222;0.0197965;0.0130281;0.997964;0.7;0.7
5;550.094;-170.787;1932.44;0.253378;0.855066;-0.372699;0.256431;0.7;0.7
14;358.888;-1174.86;2034.85;0;0;0;0;0;0
7;320.065;-95.5178;1737.44;0;0;0;0;0.7;0
10;360.582;-384.383;1927.88;-0.0164904;-0.000498497;0.0021669;0.999862;0.7;0.7
12;362.347;-793.019;1941.37;-0.119766;-0.00148707;-0.00425091;0.992792;0.7;0
3;432.15;17.8289;2008.01;-0.164934;0.270353;-0.419407;0.850767;0.7;0.7
8;259.416;-179.907;1974.33;0.101325;0.0219163;-0.014587;0.994505;0.7;0.7
1;1402;2
0;256.978;328.604;2052.56;0.0490363;0.042613;0.00443284;0.997878;0.7;0.7
4;-23.5353;-205.793;1971.67;-0.419643;0.796362;-0.30551;-0.310435;0.7;0.7
13;176.071;-1166.92;2056.3;0;0;0;0;0;0
6;84.772;-91.8599;1792.97;0;0;0;0;0.7;0
9;144.645;-380.848;1942.85;-0.0192602;0.0421304;-0.0244939;0.998626;0.7;0.7
11;125.298;-789.107;1959.43;-0.127796;0.0548239;0.0582034;0.988572;0.7;0
2;87.8411;34.1104;2038.29;-0.0324374;-0.165668;0.518059;0.838521;0.7;0.7
1;258.356;34.6902;2023.55;0.0490363;0.042613;0.00443284;0.997878;0.7;0.7
5;556.773;-140.276;1937.01;0.278023;0.850281;-0.31956;0.312422;0.7;0.7
14;360.892;-1171.4;2020.43;0;0;0;0;0;0
7;376.497;-64.5497;1740.43;0;0;0;0;0.7;0
10;359.335;-380.118;1924.29;-0.0111508;0.0191267;0.0269668;0.999391;0.7;0.7
12;381.558;-788.475;1932.99;-0.111627;0.0100311;-0.0275744;0.993317;0.7;0
3;428.871;35.2699;2008.81;-0.104177;0.227777;-0.410563;0.876757;0.7;0.7
8;255.173;-172.897;1978.56;0.106721;0.0430372;-0.00291872;0.993353;0.7;0.7
1;1403;2
0;255.296;329.378;2053.44;0.0631881;0.0675034;-0.00605779;0.995698;0.7;0.7
4;-36.8678;-204.843;1987.12;-0.470378;0.741701;-0.251414;-0.406712;0.7;0.7
13;169.271;-1170.13;2062.68;0;0;0;0;0;0
6;24.9232;-70.3746;1758.17;0;0;0;0;0.7;0
9;145.902;-382.745;1948.45;-0.0261225;0.0622595;-0.0315867;0.997218;0.7;0.7
11;121.459;-790.491;1971.38;-0.121372;0.0748501;0.0522919;0.988399;0.7;0
2;78.7565;35.9944;2039.43;0.0555517;-0.0790849;0.530451;0.842188;0.7;0.7
1;249.325;41.7962;2017.19;0.0631881;0.0675034;-0.00605779;0.995698;0.7;0.7
5;596.141;-119.387;1944.6;0.288614;0.850923;-0.217537;0.381194;0.7;0.7
14;354.189;-1170.39;2013.9;0;0;0;0;0;0
7;446.465;-29.6753;1731.08;0;0;0;0;0.7;0
10;359.824;-375.468;1920.57;-0.039421;0.039461;0.0243023;0.998147;0.7;0.7
12;380.946;-782.834;1951.98;-0.0777953;0.0337439;-0.0367912;0.995719;0.7;0
3;419.893;47.5981;1994.96;-0.0334041;0.122865;-0.359868;0.924275;0.7;0.7
8;251.094;-168.655;1975.85;0.0963442;0.0660706;0.0105626;0.993097;0.7;0.7
1;1404;2
0;253.668;329.838;2052.51;0.0561293;0.0457356;-0.00200233;0.997374;0.7;0.7
4;-52.4036;-192.392;2000.82;0.496752;-0.643816;0.190502;0.549952;0.7;0.7
13;164.156;-1158.09;2066.51;0;0;0;0;0;0
6;-80.854;-68.0634;1741.41;0;0;0;0;0.7;0
9;146.248;-370.347;1959.05;-0.0182845;0.0412208;-0.03838;0.998245;0.7;0.7
11;115.496;-778.26;1975.29;-0.120245;0.0561464;0.055635;0.989593;0.7;0
2;77.3928;37.5553;2035.52;0.164939;0.0216061;0.505815;0.846451;0.7;0.7
1;251.008;40.1896;2019.92;0.0561293;0.0457356;-0.00200233;0.997374;0.7;0.7
5;622.347;-119.828;1970.73;0.362805;0.765696;-0.0799017;0.525068;0.7;0.7
14;352.243;-1163.49;2010.13;0;0;0;0;0;0
7;574.186;2.73544;1746.73;0;0;0;0;0.7;0
10;355.549;-367.171;1940.24;0.00304436;0.0196613;-0.00442634;0.999792;0.7;0.7
12;351.877;-776.541;1937.82;-0.0922211;0.0200992;-0.00139464;0.995535;0.7;0
3;424.622;42.8239;2004.33;0.145399;0.0165396;-0.341864;0.928286;0.7;0.7
8;250.953;-164.285;1984.78;0.0849086;0.0452626;0.0037295;0.995353;0.7;0.7
1;1405;2
0;252.514;329.605;2051.18;0.0519153;0.0498143;0.00108244;0.997408;0.7;0.7
4;-106.279;-177.531;2012.49;0.465781;-0.590105;0.116023;0.649124;0.7;0.7
13;158.206;-1169.28;2051.77;0;0;0;0;0;0
6;-193.572;-51.593;1736.63;0;0;0;0;0.7;0
9;137.411;-375.517;1988.39;0.00981416;0.0429641;-0.0353963;0.998401;0.7;0.7
11;108.08;-784.501;1981.6;-0.0929207;0.0550944;0.0588889;0.992402;0.7;0
2;76.537;37.5136;2038.34;0.238066;0.0612943;0.416819;0.875117;0.7;0.7
1;251.628;37.3458;2020.72;0.0519153;0.0498143;0.00108244;0.997408;0.7;0.7
5;659.941;-105.354;1972.79;0.364036;0.706293;0.00548294;0.607123;0.7;0.7
14;346.423;-1166.8;1996.57;0;0;0;0;0;0
7;660.537;33.2282;1745.69;0;0;0;0;0.7;0
10;356.332;-375.727;1966.36;0.0680007;0.0234849;-0.0131589;0.997322;0.7;0.7
12;344.259;-781.883;1910.99;-0.109193;0.0263944;-0.000138917;0.99367;0.7;0
3;426.72;37.1779;2003.1;0.238148;-0.0112551;-0.275386;0.931301;0.7;0.7
8;249.25;-169.138;1999.05;0.0524742;0.0500309;-0.00311038;0.997363;0.7;0.7
1;1406;2
0;251.643;329.459;2050.07;0.0552462;0.0404496;0.000812645;0.997653;0.7;0.7
4;-134.492;-166.709;2010.98;0.424033;-0.640305;0.0742152;0.636159;0.7;0.7
13;156.266;-1172.75;2048.97;0;0;0;0;0;0
6;-180.007;-45.8989;1774.63;0;0;0;0;0.7;0
9;141.037;-378.988;1991.43;0.0155271;0.0321149;-0.0399334;0.998565;0.7;0.7
11;107.923;-787.573;1979.76;-0.0909802;0.0450896;0.057592;0.993163;0.7;0
2;73.5959;29.7156;2031.27;0.225275;0.0524553;0.366828;0.901075;0.7;0.7
1;250.79;31.6988;2017.03;0.0552462;0.0404496;0.000812645;0.997653;0.7;0.7
5;684.863;-94.6417;1995.76;0.432071;0.518203;0.0831708;0.733391;0.7;0.7
14;356.949;-1174.18;2027.3;0;0;0;0;0;0
7;809.879;63.9724;1804.18;0;0;0;0;0.7;0
10;364.15;-376.49;1973.49;0.0196062;0.0134168;0.00431164;0.999708;0.7;0.7
12;367.47;-786.251;1957.37;-0.0888815;0.0110786;-0.0143836;0.995877;0.7;0
3;427.984;33.682;2002.78;0.383384;-0.0788691;-0.215914;0.894526;0.7;0.7
8;251.692;-173.02;1999.74;0.041978;0.0402943;0.00389296;0.998298;0.7;0.7
1;1407;2
0;248.41;329.105;2047.14;0.0545232;0.0390383;0.00292295;0.997745;0.7;0.7
4;-171.776;-129.513;2010;0.320471;-0.67986;0.0719973;0.655672;0.7;0.7
13;153.83;-1171.82;2048.08;0;0;0;0;0;0
6;-187.232;-48.6142;1787.77;0;0;0;0;0.7;0
9;145.138;-377.534;1992.12;0.0175339;0.0300518;-0.0447827;0.998391;0.7;0.7
11;108.007;-786.038;1978.86;-0.0906954;0.0437843;0.0544479;0.993425;0.7;0
2;69.4665;26.1343;2028.1;0.165728;0.016454;0.283583;0.944375;0.7;0.7
1;248.885;29.8676;2014.31;0.0545232;0.0390383;0.00292295;0.997745;0.7;0.7
5;684.243;-65.1665;2014.14;0.491757;0.283435;0.0790449;0.819507;0.7;0.7
14;358.924;-1169.77;2045.01;0;0;0;0;0;0
7;957.776;69.9133;1886.17;0;0;0;0;0.7;0
10;364.783;-372.964;1975.24;0.0108954;0.0117089;0.00604205;0.999854;0.7;0.7
12;369.637;-783.239;1966.24;-0.100194;0.00876898;-0.0145284;0.994823;0.7;0
3;428.303;33.6009;2000.53;0.475606;-0.110583;-0.147894;0.860057;0.7;0.7
8;251.923;-172.691;1999;0.037406;0.0386895;0.00893719;0.998511;0.7;0.7
FileEnding
