128
0;162.386;336.685;2040.46
4;-129.831;179.62;1905.1
13;87.671;-1162.77;2033.74
6;125.702;367.479;1907.74
9;54.2167;-323.642;1955.56
11;33.0506;-758.555;1965.02
2;-9.74119;60.9868;2050.71
1;171.093;57.8679;2049.9
5;438.478;163.086;1864.66
14;265.374;-1112.26;2047.13
7;216.989;348.512;1894.75
10;273.89;-327.431;1954.57
12;274.84;-726.963;2007.18
3;351.927;54.7491;2049.09
8;167.573;-133.834;2002.48
0;164.071;334.487;2043.32
4;-112.714;178.658;1902.65
13;91.5762;-1092.83;2026.59
6;123.102;381.905;1920.99
9;54.986;-313.369;1954.86
11;37.3366;-715.151;1963.19
2;-8.3431;55.6134;2051.84
1;166.534;55.5797;2043.35
5;436.06;171.957;1863.09
14;256.971;-1079.01;2017.32
7;212.401;352.629;1887.44
10;268.837;-313.41;1944.47
12;223.341;-710.955;1903.27
3;341.411;55.5461;2034.85
8;164.223;-128.905;1996.51
0;180.327;313.727;2074.41
4;-104.404;176.728;1898.86
13;85.3282;-1093.04;2032.59
6;126.106;392.772;1909.27
9;54.6883;-313.563;1954.41
11;33.8779;-715.019;1968.89
2;-7.25497;51.5455;2049.39
1;163.424;52.6654;2041.02
5;434.844;178.903;1865.68
14;264.045;-1085.81;2011.81
7;214.366;360.734;1890.18
10;267.955;-312.164;1943.95
12;262.454;-712.88;1909.23
3;334.104;53.7853;2032.66
8;162.373;-130.099;1995.1
0;180.274;310.421;2076.86
4;-104.19;176.13;1900.12
13;80.9503;-1090.32;2035.22
6;127.366;384.218;1902.98
9;53.9146;-310.338;1949.87
11;38.3089;-711.904;1967.49
2;-6.28154;50.6481;2053.66
1;163.186;52.2751;2041.96
5;433.959;181.215;1863.41
14;265.478;-1083.97;2021.89
7;213.097;359.515;1879.29
10;265.671;-308.305;1935.25
12;272.345;-710.296;1922.27
3;332.653;53.902;2030.26
8;161.489;-128.523;1992.26
0;174.097;313.549;2082.39
4;-110.477;173.717;1885.92
13;80.0324;-1086.05;2035.18
6;126.748;382.319;1907.01
9;52.5057;-305.078;1949.71
11;39.214;-706.416;1973.39
2;-5.79903;52.9098;2055.64
1;164.104;53.7517;2043.16
5;432.688;182.184;1861.22
14;263.452;-1083.36;2013.74
7;208.503;359.991;1875.11
10;264.379;-304.028;1934.15
12;267.956;-706.221;1928.01
3;334.007;54.5937;2030.68
8;161.273;-125.401;1992.54
0;175.083;314.278;2086.55
4;-113.443;174.238;1892.2
13;82.5182;-1144.22;2042.02
6;126.215;380.491;1906.31
9;52.8032;-303.337;1950.05
11;41.4465;-724.758;1977.8
2;-4.88702;54.791;2056.85
1;165.103;55.2632;2043.34
5;430.195;186.806;1857.34
14;260.044;-1084.12;2011.96
7;211.3;357.375;1870.84
10;263.231;-302.752;1933.32
12;241.933;-703.297;1951.18
3;335.093;55.7354;2029.82
8;161.56;-123.891;1992.51
0;176.475;315.415;2081.76
4;-113.954;174.944;1887.23
13;83.2814;-1133.99;2045.33
6;120.55;376.477;1910.71
9;52.1686;-294.998;1951.81
11;47.9046;-707.129;1976.09
2;-4.1979;56.4167;2059.64
1;164.844;56.5672;2043.42
5;430.304;187.035;1852.97
14;278.64;-1064.87;1951.1
7;195.236;367.073;1869.24
10;258.654;-294.814;1931.98
12;289.565;-689.143;1863.01
3;333.885;56.7176;2027.19
8;160.127;-119.169;1992.66
0;174.733;319.978;2075.15
4;-112.589;173.719;1891.13
13;86.2041;-1120.76;2049.99
6;122.634;380.398;1907.98
9;52.2638;-294.701;1951.57
11;54.6843;-694.793;1977.84
2;-3.53915;57.2914;2060.92
1;165.722;57.0588;2044.29
5;430.768;186.07;1852.76
14;275.745;-1067.98;1951.2
7;195.508;364.337;1869.26
10;258.014;-294.984;1931.36
12;284.408;-690.943;1864.88
3;334.984;56.8261;2027.67
8;160.431;-118.892;1992.88
0;178.848;321.641;2080.61
4;-110.762;173.605;1889.4
13;88.3509;-1114.46;2046.15
6;117.708;374.607;1908.2
9;51.6908;-293.049;1951.04
11;57.625;-691.345;1975.23
2;-3.46995;58.3652;2060.42
1;165.905;57.6483;2044.2
5;430.399;185.179;1853.89
14;264;-1072.94;1998.57
7;181.786;374.967;1868.76
10;257.418;-293.92;1931.34
12;255.753;-695.562;1915.53
3;335.281;56.9314;2027.98
8;160.23;-117.918;1992.69
0;178.091;323.204;2075.95
4;-113.626;170.657;1887.29
13;86.5826;-1074.2;2032.3
6;114.693;367.956;1908.84
9;51.9901;-292.901;1951.76
11;58.769;-694.573;1965.28
2;-2.60498;58.9579;2059
1;165.966;58.0139;2043.43
5;429.008;185.243;1854.56
14;263.724;-1077.71;1998.54
7;191.277;368.553;1875.74
10;257.322;-294.051;1932.8
12;269.578;-695.761;1939.74
3;334.538;57.0699;2027.86
8;160.311;-117.731;1992.85
0;178.224;323.678;2074.01
4;-112.359;173.182;1890.28
13;79.8857;-1078.77;2034.6
6;115.365;371.319;1904.46
9;47.7412;-298.167;1951.77
11;53.8087;-699.931;1962.61
2;-1.94467;60.5474;2058.22
1;166.648;58.1996;2042.81
5;427.627;184.584;1852.84
14;264.393;-1085.21;1995.34
7;186.538;371.663;1874.15
10;257.19;-301.083;1932.62
12;270.131;-702.767;1939.81
3;335.241;55.8518;2027.39
8;159.557;-120.713;1992.5
0;181.181;321.152;2077.3
4;-111.932;174.792;1889.4
13;78.3043;-1075.53;2039.28
6;115.355;378.961;1906.12
9;49.1101;-296.072;1952.26
11;52.339;-697.896;1961.27
2;-1.42623;60.9006;2057.29
1;167.215;58.0508;2042.14
5;427.129;185.03;1851.75
14;264.889;-1083.89;1994.63
7;192.371;366.91;1874.59
10;255.482;-299.559;1933.72
12;269.092;-701.204;1940.8
3;335.855;55.2011;2027
8;159.755;-119.882;1992.57
0;181.733;319.819;2079.1
4;-112.037;173.752;1891.83
13;81.2853;-1144.71;2050.15
6;117.519;374.675;1908.03
9;49.4585;-308.167;1946.21
11;52.5533;-721.03;1953.6
2;-0.772116;58.4178;2058.11
1;166.879;57.8268;2040.94
5;427.304;187.455;1850.11
14;261.731;-1092.49;1994.71
7;189.156;371.354;1867.19
10;260.102;-308.91;1924.64
12;267.645;-710.092;1941.34
3;334.53;57.2359;2023.76
8;160.83;-125.356;1988.18
0;182.023;318.88;2077.74
4;-113.328;175.277;1890.43
13;75.6102;-1078.93;2046.39
6;115.277;376.208;1902.63
9;49.5926;-302.529;1948.94
11;53.5634;-704.04;1956.45
2;-0.0367532;58.2663;2055.8
1;166.331;56.772;2039.5
5;426.941;189.133;1852.34
14;260.159;-1087.88;1990.13
7;192.338;370.016;1874.63
10;256.86;-304.39;1928.63
12;263.471;-705.906;1933.56
3;332.699;55.2778;2023.2
8;159.779;-123.344;1989.14
0;181.688;317.699;2076.9
4;-112.171;176.185;1892.54
13;78.1721;-1082.63;2044.93
6;115.691;370.517;1907.89
9;48.3426;-307.304;1946.25
11;55.7109;-708.76;1951.12
2;-0.0884466;57.1927;2055.56
1;166.438;56.5549;2038.56
5;426.098;192.923;1852.36
14;265.128;-1092.67;1979.27
7;186.345;377.173;1872.34
10;260.684;-308.117;1924.57
12;262.629;-709.617;1930.83
3;332.965;55.9171;2021.56
8;160.476;-125.578;1986.99
0;180.689;317.193;2075.59
4;-111.652;178.883;1893.89
13;79.4995;-1082.06;2043.57
6;114.094;374.046;1901.67
9;47.9752;-306.779;1945.28
11;56.1538;-708.224;1949.88
2;0.737165;57.3352;2055.53
1;166.789;56.1806;2037.71
5;426.029;191.741;1851.23
14;262.941;-1090.34;1989.44
7;186.402;376.686;1871.6
10;258.287;-308.242;1922.71
12;259.243;-709.791;1924.24
3;332.842;55.026;2019.89
8;159.96;-125.665;1985.86
0;181.006;316.363;2074.75
4;-110.448;179.056;1892.77
13;85.1158;-1081.62;2042.11
6;116.604;376.84;1904.71
9;47.6433;-307.113;1943.43
11;55.7762;-708.385;1948.36
2;0.940064;56.8888;2054.34
1;166.56;56.3818;2035.99
5;426.332;192.475;1850.51
14;261.454;-1085.91;1993.76
7;189.906;376.805;1869.45
10;260.127;-307.764;1919.89
12;303.399;-706.427;1937.32
3;332.18;55.8749;2017.63
8;160.222;-125.528;1983.82
0;181.789;315.074;2074.41
4;-109.682;179.139;1890.56
13;87.5575;-1165.2;2059.41
6;120.54;383.139;1913.04
9;46.5345;-305.716;1943.87
11;55.4954;-745.649;1948.89
2;1.33586;57.1726;2053.16
1;166.564;57.1946;2032.93
5;427.247;193.34;1850.44
14;263.649;-1085.84;1996.66
7;195.495;369.564;1870.34
10;261.655;-305.688;1917.53
12;295.865;-704.801;1943.97
3;331.793;57.2167;2012.7
8;160.33;-124.254;1981.81
0;182.045;314.674;2073.69
4;-110.747;179.095;1892.51
13;77.4386;-1079.05;2041
6;115.566;377.673;1907.62
9;45.8495;-304.234;1942.98
11;54.5352;-705.479;1946.91
2;1.88434;57.2783;2052.89
1;166.589;57.7542;2032.87
5;426.698;194.741;1848.54
14;267.736;-1083.41;2001.08
7;191.37;373.519;1870.4
10;264.334;-303.603;1916.42
12;296.356;-702.655;1945.05
3;331.293;58.2301;2012.84
8;160.84;-123.082;1981.28
0;183.114;314.046;2071.11
4;-111.449;180.121;1892.37
13;76.3463;-1076.74;2041.77
6;114.547;376.638;1901.41
9;45.7083;-301.782;1942.33
11;51.2587;-703.492;1945.38
2;2.72657;58.0496;2051.27
1;166.844;58.3932;2031.36
5;426;195.595;1847.19
14;264.607;-1082.7;1987.01
7;191.908;372.804;1871.56
10;264.665;-301.324;1915.77
12;259.105;-703.045;1915.83
3;330.961;58.7369;2011.45
8;161.015;-121.58;1980.2
0;182.912;313.605;2069.65
4;-109.673;180.548;1886.66
13;76.5952;-1077.13;2040.74
6;119.129;380.87;1904.86
9;46.1161;-302.595;1941.98
11;51.6662;-704.016;1944.92
2;2.68576;59.3131;2049.3
1;167.338;59.3982;2029.47
5;425.279;194.049;1846.22
14;271.698;-1084.02;1994.67
7;192.07;368.444;1869.66
10;264.693;-302.482;1915.66
12;267.209;-703.741;1928.44
3;331.991;59.4832;2009.64
8;161.371;-121.57;1979.15
0;183.919;310.939;2063.62
4;-109.056;179.064;1889.23
13;81.9196;-1084.48;2037.87
6;110.894;376.985;1897.35
9;51.8841;-309.217;1941.65
11;53.7482;-710.725;1945.25
2;3.6161;58.3322;2048.2
1;167.846;59.3557;2028.58
5;424.055;194.708;1845.07
14;271.347;-1088.96;1999.87
7;190.28;367.012;1864.29
10;264.589;-307.891;1916.24
12;269.185;-709.136;1930.63
3;332.076;60.3791;2008.96
8;163.041;-124.599;1978.76
0;184.345;311.258;2064.15
4;-108.563;178.16;1891.09
13;83.8992;-1090.09;2033.95
6;109.064;372.754;1899.15
9;55.7959;-314.135;1942.44
11;55.3005;-715.559;1945.09
2;4.04199;57.1988;2047.41
1;167.948;59.6758;2026.81
5;424.114;195.538;1843.12
14;276.65;-1088.5;1997.79
7;186.3;371.068;1864.36
10;266.81;-310.946;1915.92
12;293.175;-711.512;1916.56
3;331.855;62.1529;2006.21
8;164.626;-126.432;1978
0;184.788;310.951;2064.18
4;-105.656;178.852;1887.28
13;89.8036;-1165.08;2045.78
6;113.196;377.178;1906.71
9;51.8606;-307.893;1941.96
11;53.2565;-746.303;1943.39
2;4.82511;58.4767;2046.3
1;168.509;60.3508;2025.84
5;424.368;194.035;1842.03
14;276.491;-1084.6;1999.94
7;187.847;365.093;1857.12
10;269.197;-305.404;1914.79
12;289.612;-706.19;1924.92
3;332.193;62.2249;2005.39
8;164.519;-123.149;1977.11
0;185.376;310.784;2059.97
4;-97.8424;175.504;1878.74
13;86.382;-1078.72;2032.56
6;116.693;370.486;1903.27
9;50.6353;-305.693;1942.16
11;54.3007;-705.715;1944.26
2;5.24707;60.2532;2044.89
1;169.246;61.391;2025.24
5;423.068;192.117;1838.24
14;272.378;-1080.91;1996.99
7;178.376;372.564;1859.07
10;269.89;-304.171;1915.9
12;265.131;-704.17;1919.69
3;333.245;62.5288;2005.6
8;164.754;-121.771;1977.14
0;185.099;311.984;2059.63
4;-98.2233;176.067;1879.42
13;84.3627;-1072.8;2025.42
6;115.61;373.151;1895.49
9;49.8526;-297.403;1944.15
11;55.6242;-697.399;1946.61
2;6.36313;61.1971;2044.43
1;170.318;61.8733;2024.95
5;422.219;191.156;1834.76
14;282.188;-1074.82;1982.15
7;178.225;375.111;1860.97
10;271.423;-296.49;1917.84
12;272.818;-696.505;1913.24
3;334.273;62.5495;2005.48
8;165.478;-117.537;1977.97
0;184.794;312.363;2059.84
4;-100.397;176.79;1883.04
13;87.6339;-1133.91;2020.79
6;118.822;374.883;1898.48
9;52.4959;-302.965;1942.47
11;56.6117;-719.593;1947.47
2;8.40442;60.9169;2043.58
1;171.531;61.5566;2023.45
5;422.05;189.772;1831.62
14;285.096;-1080.49;1981.52
7;179.566;370.525;1856.38
10;270.129;-302.111;1915.63
12;273.022;-702.085;1913.83
3;334.657;62.1962;2003.33
8;166.422;-120.491;1976.25
0;184.633;311.849;2060.04
4;-99.7859;176.029;1884.93
13;84.29;-1123.47;2027.48
6;113.189;375.549;1893.2
9;53.9875;-299.763;1941.57
11;50.1647;-699.95;1952.49
2;10.1634;60.7414;2044.05
1;172.85;61.1259;2022.41
5;421.208;188.471;1828.84
14;279.798;-1078.48;1981.49
7;180.828;359.545;1850.52
10;268.12;-299.257;1913.09
12;270.519;-699.084;1919.68
3;335.536;61.5105;2000.77
8;166.952;-119.192;1974.87
0;184.579;309.952;2057.34
4;-100.453;177.592;1887.82
13;74.0026;-1069.16;2022.3
6;106.085;372.382;1878.96
9;52.5501;-295.392;1941.95
11;43.7101;-693.389;1954.81
2;11.0666;60.618;2044.43
1;173.23;60.6996;2021.66
5;420.797;187.776;1828.95
14;285.471;-1194.57;2005.59
7;185.21;351.653;1847.99
10;267.636;-295.283;1911.74
12;270.898;-737.698;1922.71
3;335.393;60.7812;1998.88
8;166.661;-117.319;1974.25
0;184.323;308.703;2056.77
4;-103.034;188.975;1887.39
13;77.8751;-1131.07;2037.98
6;100.395;375.355;1869.69
9;53.3813;-298.086;1940.44
11;41.0485;-678.381;1960.65
2;11.3521;61.2893;2041.41
1;173.458;61.4348;2019.09
5;420.538;185.108;1827.8
14;284.852;-1184.75;2016.38
7;177.231;354.401;1851.21
10;268.449;-297.893;1910.84
12;269.25;-741.812;1925.38
3;335.564;61.5802;1996.77
8;167.187;-118.277;1972.37
0;184.096;307.732;2056.26
4;-102.743;186.106;1883.55
13;70.4842;-1087.31;2026.4
6;100.841;381.996;1862.17
9;53.9705;-313.912;1939.65
11;41.1227;-711.597;1958.08
2;10.7771;61.4783;2037.15
1;173.189;60.8548;2018.11
5;419.086;180.151;1823.69
14;277.447;-1086.81;2011.48
7;177.36;352.286;1849.78
10;268.181;-314.734;1914.53
12;268.315;-712.766;1929.64
3;335.602;60.2314;1999.06
8;167.133;-126.734;1972.6
0;183.234;306.943;2054.45
4;-105.875;192.158;1882.3
13;70.3834;-1077.65;2025.78
6;95.1274;380.202;1862.85
9;54.5002;-305.861;1939.19
11;43.0674;-702.588;1958.28
2;10.3824;60.9153;2036.16
1;172.669;60.5479;2016.74
5;418.502;176.251;1821.86
14;273.41;-1164.01;2026.2
7;173.906;355.669;1848.04
10;267.572;-306.344;1913.7
12;269.874;-732.912;1930.42
3;334.956;60.1805;1997.33
8;166.853;-122.777;1971.59
0;182.505;307.356;2052.06
4;-107.404;196.213;1874.64
13;67.9196;-1073.09;2028.06
6;104.736;360.022;1904.77
9;53.6317;-301.674;1938.85
11;40.0316;-698.037;1961.37
2;9.56438;60.7687;2033.8
1;172.039;60.1426;2015.17
5;418.136;169.53;1820.77
14;274.982;-1065.99;1996.94
7;170.956;361.924;1848.06
10;267.344;-302.498;1914.35
12;249.896;-698.857;1894.59
3;334.513;59.5165;1996.55
8;166.263;-120.972;1970.89
0;182.521;306.036;2049.13
4;-108.781;198.052;1869.35
13;72.4841;-1136.93;2044.28
6;104.491;363.618;1903.41
9;52.4963;-300.618;1940
11;40.2345;-687.685;1961.2
2;8.9028;61.92;2031.82
1;171.817;59.5675;2014.06
5;417.145;166.711;1819.35
14;275.946;-1068.82;1995.2
7;180.035;351.58;1848.48
10;262.054;-303.644;1917.15
12;254.342;-700.345;1896.73
3;334.732;57.2151;1996.3
8;164.546;-121.282;1971.32
0;182.434;305.474;2048.75
4;-109.642;199.091;1867.35
13;79.2603;-1130.93;2041.95
6;101.279;369.115;1897.55
9;50.9879;-298.412;1937.07
11;37.1958;-692.866;1953.86
2;8.01092;61.8289;2030.38
1;171.617;59.1699;2012.21
5;415.425;165.992;1817.39
14;275.654;-1068.25;1990.2
7;178.663;344.793;1864.72
10;261.284;-301.83;1913.72
12;256.993;-698.474;1897.23
3;335.223;56.5109;1994.04
8;163.877;-120.476;1968.8
0;182.327;305.223;2047.69
4;-109.777;198.942;1863.46
13;71.262;-1062.17;2034
6;98.9276;372.992;1893.78
9;48.6777;-294.306;1933.95
11;37.2686;-690.699;1952.88
2;7.19058;62.0282;2027.32
1;171.305;58.7411;2010.52
5;415.743;165.051;1819.59
14;279.784;-1065.49;1990.77
7;182.35;355.524;1861.52
10;261.797;-298.575;1912.14
12;260.46;-695.374;1899.29
3;335.42;55.4539;1993.73
8;163.271;-118.85;1966.78
0;183.245;323.839;2056.82
4;-109.725;199.073;1862.75
13;78.6215;-1135.45;2049.86
6;98.3876;406.523;1810.4
9;49.7346;-292.684;1932.52
11;36.8214;-693.933;1951.94
2;6.446;62.4132;2026.13
1;170.585;59.4192;2009.4
5;415.87;163.808;1818.51
14;285.477;-1061.14;1970.75
7;182.399;364.358;1866.32
10;260.649;-296.532;1911.02
12;271.512;-691.738;1875.89
3;334.723;56.4251;1992.66
8;162.888;-117.594;1965.58
0;184.973;328.478;2061.91
4;-109.457;195.508;1863.99
13;78.3264;-1124.3;2042.73
6;99.1918;403.563;1815.67
9;49.6416;-286.327;1929.26
11;34.5905;-683.579;1945.34
2;4.38203;60.6111;2023.96
1;169.422;59.4685;2006.22
5;415.707;165.615;1815.83
14;287.188;-1056.74;1959.68
7;181.776;375.305;1858.78
10;265.376;-287.821;1906.08
12;271.598;-683.827;1880
3;334.463;58.326;1988.49
8;163.466;-113.803;1961.95
0;184.908;322.784;2054.04
4;-109.64;193.88;1856.23
13;81.6724;-1119.34;2044.26
6;101.173;406.447;1817.71
9;51.792;-290.278;1929.98
11;26.8978;-671.661;1925.33
2;3.01801;61.6668;2018.82
1;169.06;59.8261;2003.73
5;415.764;164.395;1815.23
14;301.111;-1056.41;1957.43
7;182.249;396.379;1855
10;263.39;-292.623;1910.75
12;314.762;-683.848;1881.63
3;335.102;57.9854;1988.64
8;163.325;-115.812;1962.05
0;183.555;321.577;2048.89
4;-111.151;186.166;1851.57
13;84.665;-1124.55;2043.22
6;101.556;387.56;1832
9;53.1562;-304.884;1927.73
11;27.4258;-685.574;1929.37
2;3.95023;58.5859;2019.09
1;169.566;59.6229;2002.92
5;415.27;168.386;1814.62
14;300.141;-1070.57;1977.02
7;193.707;399.554;1839.58
10;273.752;-303.503;1906.2
12;305.09;-697.844;1901.18
3;335.181;60.66;1986.76
8;166.51;-122.285;1959.94
0;182.694;319.291;2048.52
4;-112.748;183.064;1852.71
13;87.3475;-1117.15;2041.66
6;97.7268;381.214;1837.76
9;57.8293;-315.252;1924.56
11;26.0367;-685.596;1925.09
2;2.90105;58.4868;2017.4
1;169.059;60.5463;2001.11
5;416.033;168.7;1811.04
14;296.596;-1080.8;1981.61
7;191.843;410.31;1827.12
10;272.497;-312.591;1903.51
12;301.136;-707.344;1908.34
3;335.217;62.6059;1984.82
8;167.111;-126.688;1957.57
0;181.993;318.822;2047.58
4;-113.209;184.128;1847.82
13;70.4912;-1085.99;2024.52
6;106.093;390.087;1847
9;55.5943;-326.4;1924.69
11;24.4354;-720.985;1927.04
2;1.87144;60.2021;2007.38
1;169.051;60.8474;1999.13
5;417.702;164.925;1815.37
14;298.125;-1091.63;1979.7
7;205.232;398.256;1816.43
10;277.603;-325.543;1913.73
12;300.266;-720.323;1896.15
3;336.23;61.4928;1990.88
8;167.825;-132.562;1959.17
0;177.86;314.976;2038.61
4;-113.842;181.252;1847.82
13;69.7439;-1083.93;2018.24
6;101.41;396.679;1848.25
9;54.4255;-325.264;1923.08
11;25.2362;-718.326;1928.74
2;2.37525;59.8169;2006.49
1;169.524;60.3396;1998.02
5;421.154;162.856;1809.16
14;291.996;-1087.62;1981.74
7;209.425;383.818;1799.07
10;278.862;-324.562;1911.71
12;298.708;-718.01;1898.04
3;336.672;60.8622;1989.55
8;168.084;-132.287;1957.71
0;179.304;316.332;2041.63
4;-115.61;173.868;1844.57
13;70.3224;-1083.37;2012.98
6;89.28;388.656;1849.48
9;54.1802;-322.935;1920.93
11;26.4719;-716.074;1930.17
2;2.39379;59.7885;2005.71
1;169.184;60.3226;1997.48
5;421.597;161.594;1809.6
14;293.219;-1087.4;1980.53
7;202.623;368.037;1782.41
10;278.542;-322.217;1909.86
12;292.236;-716.156;1903.94
3;335.974;60.8566;1989.25
8;167.772;-131.127;1956.44
0;179.79;317.339;2042.11
4;-117.396;182.939;1867.89
13;85.6765;-1139.39;2026.73
6;94.1174;371.926;1894.18
9;54.7335;-320.669;1920
11;31.2946;-694.608;1935.48
2;3.03498;59.338;2005.35
1;169.327;59.912;1996.75
5;425.026;159.438;1809.23
14;293.145;-1085.42;1983.12
7;195.273;351.135;1778.09
10;278.012;-319.898;1908.46
12;280.312;-714.529;1903.84
3;335.619;60.486;1988.16
8;167.85;-130.186;1955.49
0;179.874;317.763;2042.7
4;-120.184;177.17;1861.44
13;83.0222;-1133.19;2035.27
6;89.183;372.22;1897.99
9;54.6963;-316.996;1919.44
11;32.6752;-690.717;1939.31
2;3.34472;60.1094;2004.47
1;169.306;60.177;1997.03
5;439.438;140.007;1811.4
14;288.511;-1077.81;1966.53
7;187.566;326.91;1775.57
10;276.825;-316.906;1909.49
12;286.826;-709.064;1883.23
3;335.268;60.2447;1989.6
8;167.533;-128.387;1955.75
0;178.753;317.622;2041.53
4;-120.406;176.055;1854.68
13;75.7104;-1129.39;2031.43
6;91.074;372.244;1888.62
9;54.4945;-311.153;1914.65
11;38.1828;-691.156;1935.64
2;3.19409;60.3165;2002.65
1;168.863;60.5344;1997.14
5;448.237;122.731;1812.94
14;286.829;-1073.59;1966.51
7;189.004;302.129;1791.76
10;278.474;-310.858;1907.2
12;281.943;-703.589;1889.09
3;334.532;60.7522;1991.63
8;167.674;-125.235;1954.03
0;176.044;318.92;2041.06
4;-121.226;175.006;1852
13;76.2217;-1123.47;2029.59
6;76.7172;370.537;1881.65
9;52.5397;-308.644;1913.92
11;41.1539;-694.957;1932.57
2;2.63352;60.183;2001.9
1;168.667;60.3799;1996.88
5;457.621;106.785;1815.99
14;283.769;-1072.99;1969.78
7;190.908;288.455;1804.92
10;280.443;-308.374;1907.03
12;276.083;-701.386;1901.16
3;334.701;60.5769;1991.86
8;167.579;-124.064;1953.68
0;171.24;316.964;2040.45
4;-125.804;170.934;1853.21
13;71.2243;-1073.03;2007.73
6;69.7666;371.359;1870.51
9;51.7033;-312.367;1915.69
11;46.4628;-704.678;1929.03
2;2.5794;60.5066;2003.24
1;168.904;60.8696;1996.54
5;458.257;104.187;1812.68
14;286.724;-1075.83;1973.72
7;199.313;289.567;1818.22
10;280.854;-311.867;1906.47
12;272.096;-704.338;1908.41
3;335.228;61.2326;1989.85
8;167.591;-125.624;1953.81
0;171.96;316.707;2040.91
4;-127.353;168.48;1852.86
13;72.7392;-1073.34;1997.16
6;68.3572;365.279;1849.01
9;51.1933;-310.829;1916.9
11;42.46;-703.077;1930.27
2;2.44903;60.805;2004.55
1;169.223;61.156;1996.21
5;456.424;108.255;1810.99
14;283.188;-1074.25;1971.97
7;200.102;304.659;1833.5
10;280.311;-310.346;1905.44
12;263.247;-702.528;1909.45
3;335.997;61.5069;1987.87
8;167.488;-124.716;1953.69
0;170.271;314.238;2038.08
4;-126.675;165.986;1851.65
13;73.4752;-1075.1;1998.81
6;79.1644;376.513;1803.22
9;50.4689;-312.18;1918.45
11;44.5082;-704.396;1933.82
2;2.3087;57.2701;2003.09
1;168.319;58.2063;1993.22
5;455.517;114.517;1811.87
14;284.706;-1077.23;1972.19
7;208.969;321.933;1841.8
10;280.628;-310.882;1904.76
12;277.668;-702.989;1923.43
3;334.328;59.1425;1983.34
8;166.934;-126.662;1952.41
0;170.872;313.733;2035.93
4;-127.429;169.167;1852.3
13;74.5879;-1078.88;1997.46
6;73.5888;373.055;1792.48
9;48.5959;-315.773;1917.89
11;45.6042;-708.019;1933.41
2;8.80032;54.0097;2000.66
1;172.092;53.4087;1991.1
5;453.987;110.429;1809.1
14;284.948;-1083.05;1970.83
7;211.174;334.207;1848.01
10;283.495;-316.638;1904.15
12;281.329;-708.798;1921.79
3;335.383;52.8077;1981.55
8;169.069;-131.398;1951.06
0;172.086;315.073;2035.63
4;-126.757;165.885;1851.1
13;68.9054;-1080.83;1992.21
6;73.6894;366.136;1795.91
9;47.6623;-318.054;1917.23
11;44.5648;-709.403;1934.46
2;6.90338;55.9737;2001.56
1;171.921;55.6341;1990.86
5;450.126;117.777;1807.41
14;273.171;-1076.09;1961.42
7;214.577;351.283;1845.87
10;284.096;-318.541;1901.9
12;255.916;-708.667;1880.27
3;336.938;55.2945;1980.16
8;168.9;-131.332;1950.21
0;172.929;313.913;2032.52
4;-128.903;164.976;1854.52
13;87.1146;-1135.72;1985.62
6;69.2096;358.461;1797.99
9;56.8651;-332.927;1918.54
11;43.9144;-687.354;1940.55
2;10.4335;51.7871;2000.63
1;173.78;52.7472;1988.89
5;450.26;114.669;1805.3
14;281.45;-1085.88;1942.89
7;220.937;367.76;1833.8
10;283.938;-331.592;1902.22
12;274.293;-720.101;1853.59
3;337.126;53.7073;1977.16
8;172.091;-139.756;1949.64
0;174.215;313.725;2029.72
4;-126.526;147.881;1851.18
13;89.3068;-1127;1990.56
6;72.797;355.657;1806.26
9;63.3121;-342.367;1914.46
11;49.676;-683.608;1937.94
2;8.03286;51.3713;1998.18
1;173.177;53.7196;1987.63
5;448.969;122.939;1807.26
14;281.743;-1155.87;1966.83
7;232.887;372.428;1838.6
10;284.018;-339.229;1900.37
12;271.703;-702.602;1847.6
3;338.321;56.0679;1977.09
8;173.421;-143.539;1947.52
0;175.329;315.186;2028.4
4;-123.365;126.524;1842.83
13;81.5085;-1112.27;1988.71
6;61.1095;358.176;1809.62
9;61.7219;-352.419;1912.54
11;46.6599;-741.059;1945.65
2;7.5048;52.3106;1996.65
1;172.597;54.3842;1988.09
5;450.9;123.198;1808.91
14;285.113;-1092.68;1941.27
7;239.934;372.401;1826.58
10;285.226;-349.611;1900.96
12;275.116;-733.705;1832.16
3;337.69;56.4577;1979.54
8;173.036;-148.315;1947.42
0;175.798;315.187;2027.3
4;-120.884;116.76;1840.71
13;81.2495;-1122.61;1974.79
6;52.8631;358.246;1822.52
9;65.4004;-360.759;1927.42
11;43.8819;-750.658;1938.16
2;7.50142;50.6049;2001.07
1;172.42;54.5449;1987.77
5;452.111;123.059;1803.09
14;292.213;-1114.57;1996.95
7;252.829;365.978;1810.62
10;287.975;-355.441;1909.47
12;299.799;-745.48;1927.63
3;337.338;58.485;1974.47
8;174.554;-151.778;1953.11
0;176.421;315.769;2026.85
4;-116.998;117.013;1832.79
13;82.9479;-1125.02;1977.11
6;45.2179;366.304;1829.37
9;64.095;-363.588;1927.86
11;43.5362;-753.563;1937.7
2;9.6543;50.0162;1998.5
1;173.946;52.694;1986.46
5;454.352;103.546;1801.05
14;301.158;-1117.82;2004.76
7;252.883;346.203;1804.15
10;287.524;-359.946;1911.49
12;298.178;-750.078;1928.33
3;338.238;55.3718;1974.43
8;174.878;-154.537;1953.07
0;177.113;316.533;2027.38
4;-104.354;118.783;1832.8
13;86.8016;-1116.94;1972.82
6;37.1438;355.575;1830.55
9;67.6437;-358.076;1928.68
11;45.9763;-747.382;1924.49
2;9.65731;48.4094;2006.22
1;173.709;53.6275;1986.61
5;453.932;94.2318;1794.41
14;299.432;-1106.12;2007.99
7;255.696;322.852;1789.99
10;288.734;-351.044;1902.26
12;300.163;-740.012;1927.14
3;337.761;58.8456;1967
8;175.949;-150.466;1951.04
0;178.17;316.873;2027.79
4;-103.343;120.912;1829.4
13;88.9644;-1114.1;1974.48
6;38.6365;358.845;1837.24
9;65.3228;-354.968;1923.4
11;47.0542;-744.895;1921.41
2;9.73085;53.2786;2006.57
1;174.231;54.4006;1985.3
5;453.65;68.9453;1796.27
14;297.882;-1108.75;2006.09
7;259.738;288.22;1781.72
10;269.29;-353.577;1897.02
12;289.196;-742.449;1924.63
3;338.731;55.5226;1964.02
8;170.769;-149.936;1947.75
0;178.718;317.178;2027.53
4;-101.58;102.817;1815.24
13;91.6215;-1116.45;1980.16
6;26.991;348.366;1815.79
9;66.2009;-356.606;1923.67
11;47.9369;-746.585;1932.37
2;9.58448;53.016;2003.57
1;174.049;55.1467;1986.35
5;454.499;47.6398;1803.71
14;299.664;-1108.57;2010.92
7;255.786;272.022;1782.37
10;277.093;-353.873;1901.59
12;288.058;-743.614;1923.39
3;338.514;57.2774;1969.14
8;172.848;-150.046;1949.49
0;178.913;317.346;2026.73
4;-103.589;85.6233;1812.64
13;90.79;-1115.69;1979.57
6;27.6116;333.697;1803.83
9;67.2344;-357.849;1922.46
11;48.7309;-746.141;1939.14
2;9.68642;54.0081;2001.91
1;174.653;56.2983;1986.78
5;456.412;24.8015;1809.57
14;303.514;-1106.27;2011.63
7;255.328;258.75;1781.11
10;279.943;-354.896;1902.95
12;286.27;-743.473;1921.9
3;339.62;58.5886;1971.64
8;174.121;-150.037;1949.74
0;179.73;317.169;2026.21
4;-106.896;45.0582;1822.67
13;84.3;-1116.5;1984.71
6;35.033;310.199;1789.49
9;67.7071;-357.742;1922.23
11;53.6565;-746.07;1942.11
2;10.8391;53.8959;2001.18
1;175.515;55.9487;1988.22
5;461.166;16.2531;1812.43
14;302.829;-1106.54;2010.47
7;260.481;256.01;1780.88
10;281.895;-355.072;1905.38
12;283.75;-743.858;1920.65
3;340.19;58.0015;1975.27
8;175.158;-150.229;1951.01
0;182.976;318.105;2023.53
4;-107.013;31.5864;1824.89
13;82.7883;-1102.81;1983.97
6;33.1944;292.906;1771.45
9;58.0997;-342.455;1920.64
11;58.1387;-731.489;1941.18
2;16.6589;61.3118;2008.41
1;179.624;60.7018;1993.91
5;459.843;19.7872;1813.33
14;301.995;-1096.37;2007.57
7;264.578;268.791;1782.04
10;283.302;-343.298;1900.6
12;283.618;-732.327;1921.23
3;342.588;60.0917;1979.41
8;175.162;-141.087;1952.26
0;183.315;317.575;2023.6
4;-106.182;30.2484;1828.19
13;85.1839;-1094.08;1991.01
6;34.5725;221.311;1780.07
9;55.3968;-335.393;1918.93
11;55.0593;-724.511;1937.82
2;15.2226;58.8541;2004.81
1;179.317;57.4478;1991.8
5;458.392;21.1521;1811.33
14;301.573;-1088.69;2013.37
7;275.156;278.572;1776.93
10;283.495;-337.347;1900.84
12;286.142;-726.489;1919.05
3;343.412;56.0415;1978.78
8;174.382;-139.461;1950.84
0;183.905;316.814;2022.27
4;-103.95;27.5091;1826.54
13;79.8449;-1090.92;1997.3
6;32.8607;277.921;1780.11
9;57.8649;-335.791;1919.25
11;53.2643;-723.552;1936.83
2;15.1755;54.3289;2002.38
1;181.982;52.5566;1986.87
5;456.808;29.3779;1810.88
14;300.144;-1085.85;2014.31
7;269.376;301.526;1774.61
10;283.303;-338.187;1898.3
12;289.087;-725.923;1916.07
3;348.789;50.7842;1971.37
8;176.283;-142.216;1947.82
0;184.103;317.537;2022.13
4;-102.26;31.8652;1824.12
13;81.6372;-1090.63;2001.44
6;41.6918;242.943;1786.75
9;63.1845;-336.464;1919.81
11;57.6439;-724.473;1932.68
2;17.0872;55.3737;2005.76
1;182.029;54.793;1990.8
5;453.441;45.078;1799.15
14;299.503;-1085.07;2013.85
7;279.73;312.804;1761
10;283.431;-337.239;1899.84
12;288.251;-725.165;1915.27
3;346.972;54.2123;1975.85
8;177.669;-141.029;1950.32
0;185.856;318.664;2021.72
4;-102.082;31.7802;1817.65
13;81.5863;-1086.11;2009.53
6;26.4165;293.529;1781.48
9;66.9874;-332.266;1927.07
11;65.0118;-720.414;1936.27
2;18.0938;58.987;2001.81
1;185.248;54.603;1991.48
5;455;50.8164;1798.06
14;290.466;-1087.34;2009.86
7;287.209;316.38;1749.99
10;274.314;-337.703;1914.24
12;285.15;-725.805;1916.92
3;352.403;50.2191;1981.14
8;177.95;-140.191;1956.07
0;186.641;319.555;2020.93
4;-99.0535;36.2125;1809.59
13;83.3345;-1082.51;2016.66
6;44.5171;260.164;1779.02
9;69.4606;-328.723;1929.06
11;63.6084;-716.604;1945.24
2;16.9222;59.3035;1998.35
1;186.468;53.4624;1990.01
5;453.969;45.8744;1796.29
14;288.342;-1085.08;2011.01
7;287.267;307.587;1735.92
10;270.423;-335.646;1919.18
12;284.815;-723.639;1917.62
3;356.014;47.6214;1981.68
8;178.205;-139.361;1957.07
0;187.65;320.689;2019.39
4;-96.4488;33.6487;1812.37
13;84.65;-1078.24;2013.69
6;41.5337;271.451;1775.36
9;79.3328;-325.795;1945.76
11;67.0023;-712.626;1946.56
2;17.0756;57.1599;2002.48
1;184.954;54.7293;1989.8
5;452.972;44.8731;1788.14
14;292.528;-1075.76;2021.27
7;288.629;291.792;1716.49
10;271.768;-328.581;1931.23
12;283.75;-715.416;1928.73
3;352.832;52.2988;1977.13
8;180.252;-136.229;1964.15
0;188.451;322.198;2018.67
4;-98.0774;32.5623;1807.58
13;83.0942;-1087.08;2010.1
6;33.8839;271.739;1790.03
9;74.0366;-334.017;1951.23
11;67.447;-720.998;1944.71
2;17.2937;55.4464;2005.6
1;185.011;56.4988;1989.21
5;454.439;31.0458;1773.45
14;300.315;-1080.28;2026.5
7;290.037;275.644;1715.51
10;291.38;-332.653;1929.99
12;288.533;-719.703;1934.96
3;352.729;57.5512;1972.82
8;183.86;-138.418;1964.91
0;188.772;322.617;2017.99
4;-100.999;39.2705;1795.51
13;80.829;-1085.97;2017.24
6;13.75;337.214;1772.79
9;65.7666;-333.606;1932.97
11;67.2311;-720.374;1948.75
2;16.2471;57.5773;1997.19
1;184.247;57.8284;1988.69
5;456.013;20.8069;1780.32
14;300.34;-1082.02;2017.79
7;290.712;260.193;1725.04
10;297.664;-333.259;1921.24
12;289.973;-720.144;1931.34
3;352.247;58.0795;1980.19
8;182.981;-137.802;1957.9
0;188.86;322.803;2017.08
4;-103.761;55.849;1796.97
13;90.3948;-1197.71;2042.84
6;1.17054;329.215;1762.5
9;64.1529;-323.81;1931.02
11;66.7659;-733.126;1952.42
2;17.0294;61.2617;1996.36
1;184.295;59.675;1989.29
5;461.932;5.87517;1792.46
14;300.725;-1075.93;2009.83
7;284.463;252.999;1735.77
10;291.811;-325.97;1921.4
12;289.373;-712.623;1931.13
3;351.561;58.0883;1982.22
8;181.138;-132.607;1957.75
0;189.387;322.772;2017.03
4;-103.145;47.2562;1802.91
13;94.6872;-1190.13;2041.24
6;0.339355;323.306;1760.33
9;65.8677;-322.589;1933.18
11;61.7991;-727.862;1951.02
2;18.2195;61.1396;1998.17
1;184.815;60.8305;1989.42
5;462.179;3.97309;1790.81
14;304.416;-1073.55;2007.02
7;288.41;253.009;1744.08
10;295.798;-323.016;1921.11
12;293.95;-709.672;1930.86
3;351.41;60.5214;1980.67
8;182.824;-130.986;1958.28
0;190.246;322.205;2016.81
4;-102.806;44.9447;1806.75
13;89.1428;-1078.77;2024.82
6;2.91078;315.976;1758.01
9;67.404;-330.374;1931.71
11;66.6798;-716.621;1944.65
2;18.2053;60.1416;1999.06
1;185.37;60.163;1989.13
5;461.704;2.36316;1790.25
14;299.34;-1082.18;2001.31
7;290.496;256.899;1746.87
10;295.806;-330.345;1918.14
12;292.358;-716.363;1936.38
3;352.535;60.1844;1979.19
8;183.488;-135.098;1957.03
0;189.783;323.982;2012.66
4;-101.527;41.4454;1817.14
13;91.5988;-1078.7;2024.5
6;7.77599;308.151;1765.37
9;70.5303;-330.672;1924.75
11;70.6835;-714.801;1957.14
2;19.3062;59.956;2007.75
1;186.147;60.6399;1988.84
5;459.397;1.52935;1780.82
14;292.629;-1079.25;1997.87
7;287.588;267.225;1738.72
10;287.646;-329.781;1900.14
12;288.619;-713.31;1938.99
3;352.987;61.3239;1969.92
8;182.617;-134.793;1950.64
0;191.943;322.919;2012.17
4;-101.894;38.888;1816.94
13;96.9175;-1078.56;2025.23
6;11.478;301.719;1761.98
9;71.1205;-329.826;1926.01
11;71.848;-713.49;1965.18
2;20.8225;61.2184;2006.54
1;187.597;61.5701;1989.1
5;458.855;7.09402;1781.09
14;280.199;-1061.93;1965.46
7;293.036;282.887;1735.23
10;290.137;-329.364;1903.11
12;254.655;-709.926;1851.66
3;354.371;61.9218;1971.67
8;184.113;-134.013;1951.83
0;193.185;321.726;2013.52
4;-99.4136;29.6935;1819.66
13;95.9103;-1076.9;2032.72
6;12.4449;293.809;1762.03
9;74.1817;-328.04;1929.96
11;76.5163;-710.872;1976.52
2;21.5624;59.0855;2004.88
1;189.538;61.1032;1988.26
5;458.045;18.086;1783.35
14;280.788;-1070.77;1976.47
7;295.437;294.757;1732.68
10;300.458;-325.322;1907.57
12;263.976;-709.088;1896.36
3;357.513;63.121;1971.64
8;188.429;-132.789;1953.51
0;194.733;321.311;2013.08
4;-96.5524;17.8171;1823.57
13;93.5276;-1078.13;2035.68
6;10.5281;289.834;1762.92
9;76.6828;-330.528;1928.23
11;78.6628;-711.698;1983.8
2;22.2907;58.2778;2006.52
1;190.827;60.9315;1987.98
5;459.606;31.3276;1777.84
14;278.702;-1073.68;1975.23
7;297.377;311.487;1726.53
10;301.372;-326.99;1903.5
12;266.502;-710.613;1902.97
3;359.363;63.5852;1969.43
8;189.927;-133.914;1951.92
0;195.867;321.863;2013.09
4;-91.2983;0.120739;1823.74
13;90.9308;-1091.4;2042.57
6;6.24033;287.523;1756.82
9;78.5594;-345.672;1930.22
11;80.9678;-725.873;1987.76
2;22.1535;55.0457;2001.44
1;193.217;59.6131;1983.02
5;461.592;40.9694;1781.1
14;279.897;-1084.68;1975.81
7;309.242;309.709;1720.45
10;315.236;-339.352;1904.74
12;272.822;-721.539;1906.59
3;364.28;64.1805;1964.6
8;195.057;-141.449;1950.25
0;196.834;322.4;2013.21
4;-88.8827;-6.09451;1824.93
13;89.4932;-1096.39;2041.93
6;-0.602135;288.742;1752.18
9;80.881;-350.048;1930.25
11;79.688;-730.731;1986.32
2;22.175;55.2759;1997.39
1;192.429;60.4416;1984.02
5;462.139;43.735;1783.73
14;276.998;-1089.47;1977.21
7;303.755;308.31;1720.87
10;318.756;-342.831;1911.57
12;277.998;-725.458;1910.97
3;362.682;65.6072;1970.66
8;196.123;-142.999;1952.47
0;197.961;323.039;2013.68
4;-92.0364;-5.76929;1825.22
13;87.3252;-1094.92;2039.21
6;-9.65909;286.496;1745.23
9;79.7607;-348.19;1928.53
11;77.117;-729.246;1982.93
2;22.2675;56.4609;1996.34
1;192.194;61.271;1985.09
5;462.803;44.8554;1784.83
14;274.422;-1089.84;1974.5
7;302.258;296.808;1719.63
10;319.074;-341.415;1912.68
12;282.978;-724.641;1914.91
3;362.12;66.0811;1973.83
8;195.806;-141.766;1952.85
0;197.888;323.343;2013.99
4;-93.695;-5.98644;1822.58
13;91.1666;-1082.37;2033.48
6;-13.9507;283.896;1739.53
9;93.9285;-336.519;1923.38
11;78.3008;-717.027;1977.39
2;21.8669;55.0037;1996.54
1;193.161;62.8999;1985.01
5;461.772;38.7135;1786.98
14;276.024;-1073.96;1979.1
7;297.105;284.694;1728.57
10;319.42;-326.125;1908.2
12;287.231;-709.276;1918.52
3;364.456;70.7962;1973.48
8;199.918;-134.211;1950.4
0;197.488;324.221;2013.04
4;-95.057;-4.22132;1822.81
13;91.1061;-1082.32;2033.82
6;-19.1484;279.466;1729.9
9;90.4946;-336.563;1921.85
11;79.3602;-717.244;1975.76
2;21.4578;57.1934;1999.14
1;192.767;63.8628;1985.92
5;458.594;20.5516;1788.89
14;275.986;-1075.68;1983.36
7;291.425;270.689;1728.61
10;314.647;-327.837;1904.54
12;289.437;-711.269;1921.63
3;364.076;70.5322;1972.69
8;197.669;-134.169;1949.56
0;196.16;325.65;2012.22
4;-95.6214;-0.675884;1824.02
13;91.0406;-1075.48;2030.21
6;-12.151;285.693;1725.64
9;94.5496;-329.155;1920.09
11;80.7034;-710.27;1971.58
2;21.5351;62.6851;2000.31
1;194.22;69.9641;1988.31
5;457.626;6.05743;1791.58
14;279.234;-1067.61;1988.13
7;295.173;256.503;1724.04
10;316.581;-319.796;1904.65
12;292.15;-703.334;1924.47
3;366.904;77.2432;1976.3
8;199.893;-127.256;1950.34
0;195.049;326.598;2010.76
4;-96.3551;-2.32682;1824.94
13;90.1795;-1077.58;2029.84
6;-8.93844;276.346;1716.91
9;88.938;-330.804;1921.5
11;80.382;-712.458;1970.36
2;21.5517;62.7563;2001.01
1;193.512;69.0451;1987.72
5;455.514;3.81036;1793.17
14;281.553;-1069.91;1993.99
7;287.255;267.437;1726.64
10;315.444;-322.52;1904
12;294.185;-706.071;1927.6
3;365.473;75.334;1974.43
8;197.852;-128.809;1950.24
0;194.357;327.525;2009.29
4;-97.3374;-2.70354;1826.48
13;89.7701;-1080.19;2029.05
6;-10.8166;264.248;1708.12
9;87.7251;-334.487;1921.24
11;81.9419;-715.606;1969.76
2;21.8553;62.3596;2001.35
1;193.448;68.4556;1986.82
5;452.628;1.24873;1793.29
14;288.636;-1071.44;2002.79
7;290.538;269.389;1723.28
10;314.779;-326.421;1902.01
12;296.234;-709.121;1930.92
3;365.04;74.5515;1972.28
8;197.35;-130.999;1949.22
0;193.684;330.163;2005.44
4;-98.2434;-0.612114;1827.66
13;92.0055;-1081.2;2030.69
6;-9.47465;267.487;1706.58
9;86.1117;-335.379;1920.11
11;81.3321;-716.424;1971.36
2;22.2411;62.3903;2002.84
1;193.123;68.4416;1985.91
5;449.865;-0.703651;1790.1
14;291.484;-1072.13;2009.47
7;295.343;272.51;1716.71
10;313.184;-327.338;1897.61
12;293.683;-708.996;1940.06
3;364.005;74.493;1968.98
8;196.386;-131.458;1947.39
0;194.108;329.357;2005.7
4;-100.636;4.47755;1827.3
13;94.2632;-1064.88;2029.62
6;-16.0792;272.784;1704.69
9;86.4082;-317.931;1925.13
11;82.9674;-698.895;1977.77
2;22.6553;63.4519;2002.25
1;193.255;68.2665;1985.51
5;447.696;-7.32281;1788.45
14;288.085;-1183.69;2028.5
7;302.561;268.864;1714.08
10;307.743;-311.685;1903.41
12;288.961;-742.55;1940.86
3;363.854;73.0812;1968.77
8;195.165;-123.271;1949.89
0;193.448;328.231;2006.69
4;-100.966;9.57809;1829.36
13;97.7141;-1164.14;2049.77
6;-18.3587;283.524;1702.72
9;84.3959;-305.468;1927.99
11;77.4493;-732.893;1989.22
2;21.9311;64.9377;2001.91
1;192.756;67.6014;1985.03
5;446.479;-11.5654;1786.66
14;290.216;-1186.99;2024.93
7;301.207;265.146;1717.92
10;299.333;-302.116;1906.76
12;286.565;-747.304;1940.82
3;363.581;70.2651;1968.16
8;192.31;-118.095;1951.21
0;193.922;327.783;2007.14
4;-101.508;13.5895;1834.78
13;97.6914;-1141.57;2045.2
6;-5.91334;243.766;1755.59
9;78.5562;-297.749;1930.72
11;71.0078;-706.107;1985.91
2;21.7288;67.6833;2005.53
1;192.617;67.8338;1984.29
5;444.903;-17.8477;1780.36
14;293.301;-1043.05;2003.05
7;303.61;248.717;1709.18
10;290.726;-297.562;1904.35
12;288.992;-680.37;1934.11
3;363.506;67.9844;1963.04
8;188.629;-114.911;1950.91
0;194.844;327.079;2007.78
4;-104.561;21.4895;1834
13;93.013;-1043.87;2032.12
6;-9.15951;251.827;1744.62
9;75.8604;-298.377;1933.13
11;66.7471;-679.016;1982.43
2;21.4141;68.3324;2006.15
1;192.003;68.451;1983.9
5;443.163;-20.6744;1779.19
14;294.224;-1044.69;1997.95
7;300.595;237.338;1708.99
10;291.738;-298.227;1904.97
12;295.89;-680.963;1934.89
3;362.592;68.5696;1961.65
8;187.901;-114.926;1951.48
0;195.616;326.17;2006.76
4;-105.303;20.6482;1834.12
13;99.7592;-1132.44;2044.05
6;-13.5283;257.258;1739.03
9;74.3576;-299.155;1934.46
11;62.9853;-686.437;1982.18
2;20.8145;68.1513;2007.34
1;191.762;68.378;1984.14
5;440.716;-33.418;1781.01
14;293.154;-1046.05;1994.12
7;300.193;224.685;1706.03
10;292.636;-298.866;1904.83
12;296.288;-681.511;1935.96
3;362.71;68.6047;1960.94
8;187.63;-115.316;1951.89
0;196.492;325.533;2007.15
4;-106.67;21.4384;1835.16
13;101.773;-1126.7;2045.15
6;-12.1689;254.844;1740.07
9;74.2322;-295.379;1934.39
11;59.6068;-677.374;1980.27
2;20.0201;68.708;2008.25
1;191.474;68.3173;1984.71
5;439.996;-41.7389;1782.87
14;292.538;-1192.05;2010.94
7;298.138;225.466;1702
10;289.186;-295.869;1904.88
12;297.969;-719.639;1931.16
3;362.928;67.9265;1961.16
8;186.592;-113.653;1952.17
0;197.414;325.564;2006.59
4;-106.334;21.0291;1835.94
13;106.753;-1115.47;2046.4
6;-12.156;253.097;1739.75
9;71.6768;-293.894;1935.45
11;60.0128;-671.714;1972.58
2;19.1153;69.0398;2009.76
1;191.142;68.3098;1985.55
5;439.18;-40.1025;1781.21
14;293.138;-1042.3;1992.55
7;301.73;230.079;1691.48
10;289.119;-294.816;1904.85
12;299.422;-675.269;1954.47
3;363.168;67.5798;1961.33
8;185.77;-113.023;1952.85
0;198.05;325.018;2006.74
4;-107.894;19.0436;1834.33
13;101.317;-1035.19;2022.15
6;-29.5943;281.422;1696.97
9;70.0693;-289.603;1937.26
11;90.9753;-672.272;1956.46
2;18.0578;69.0556;2010.72
1;190.697;68.5146;1986.2
5;440.159;-36.7772;1781.09
14;291.078;-1037.62;1994.14
7;313.028;235.646;1679.24
10;290.725;-290.294;1905.92
12;298.031;-670.891;1954.23
3;363.335;67.9737;1961.68
8;185.547;-110.717;1953.9
0;198.437;324.569;2007.25
4;-107.686;18.4994;1833.15
13;100.224;-1031.38;2020.22
6;-23.5807;283.988;1693.96
9;69.5165;-286.908;1938.79
11;98.5635;-669.395;1948.83
2;17.2849;70.1551;2010.88
1;190.639;69.4092;1986.72
5;440.108;-37.2762;1782.42
14;290.933;-1035.15;1996.13
7;321.611;229.781;1669.16
10;291.025;-287.861;1907.92
12;299.786;-668.832;1952.92
3;363.993;68.6633;1962.56
8;185.455;-108.987;1955.04
0;200.971;322.074;2008.94
4;-109.246;20.0487;1828.76
13;100.571;-1044.64;2013.1
6;-25.9104;288.704;1693.88
9;72.5952;-300.259;1936.1
11;99.2755;-682.785;1942.12
2;16.3558;73.0287;2008.09
1;190.755;69.7512;1986.94
5;439.354;-41.7758;1784.76
14;284.51;-1050.82;1997.78
7;328.345;225.102;1665.73
10;279.559;-304.148;1911
12;296.021;-685.063;1952.32
3;365.155;66.4737;1965.79
8;183.416;-116.226;1955.24
0;200.85;322.954;2009.09
4;-108.978;19.7895;1827.64
13;100.94;-1146.45;2035.66
6;-29.1938;289.763;1693.53
9;74.9659;-310.971;1932.72
11;93.9152;-678.292;1938.24
2;15.5965;73.6769;2007.51
1;190.654;69.4589;1986.99
5;438.394;-50.3037;1784.88
14;280.932;-1060.91;2004.96
7;330.509;209.343;1666.38
10;272.454;-315.73;1909.57
12;296.949;-695.764;1955.51
3;365.711;65.2408;1966.46
8;182.182;-121.946;1954.07
0;201.42;322.899;2008.5
4;-110.305;19.8354;1818.74
13;99.2235;-1149.85;2048.43
6;-34.829;285.178;1684.75
9;75.7489;-321.744;1939.11
11;90.4246;-688.652;1941.94
2;13.5544;73.4939;1999.86
1;190.809;69.0158;1987.15
5;438.83;-54.6669;1790.91
14;286.286;-1073.69;2005.91
7;327.888;201.235;1677.18
10;278.065;-326.855;1924.6
12;296.996;-709.007;1951.78
3;368.064;64.5378;1974.44
8;183.858;-127.642;1959.5
0;201.845;322.745;2008.42
4;-110.735;22.0916;1812.37
13;93.3483;-1069.72;2033.11
6;-36.2722;287.99;1678.78
9;75.3301;-326.771;1941.92
11;80.4184;-710.13;1952.3
2;11.7406;75.2892;1995.2
1;190.161;69.5679;1987.34
5;438.335;-56.5539;1793.57
14;291.239;-1080.26;2008.15
7;321.614;196.104;1687.43
10;274.985;-333.173;1933.14
12;297.177;-715.477;1954.34
3;368.582;63.8467;1979.49
8;182.66;-130.202;1962.44
0;202.113;323.067;2007.22
4;-111.076;22.9622;1811.68
13;91.1998;-1150.65;2054.41
6;-20.9411;244.653;1693.31
9;73.7025;-327.565;1943.56
11;70.9466;-708.807;1956.34
2;11.66;76.4418;1994.69
1;189.862;70.4987;1987.29
5;436.282;-59.0483;1793.8
14;289.708;-1081.39;2010.4
7;316.848;196.891;1691
10;275.263;-334.287;1935.18
12;296.722;-716.621;1956.59
3;368.063;64.5556;1979.88
8;182.172;-130.214;1963.33
0;202.471;323.444;2006.25
4;-111.235;22.4647;1811.1
13;85.725;-1149.64;2065.22
6;-22.5229;240.951;1690.64
9;69.9202;-325.373;1944.46
11;67.5519;-714.978;1966.09
2;11.6318;77.8961;1993.51
1;190.064;70.9005;1986.93
5;432.72;-68.1466;1793.78
14;288.477;-1150.14;2027.27
7;314.138;199.241;1691.75
10;275.409;-333.429;1936.89
12;296.322;-726.876;1959.55
3;368.495;63.9049;1980.36
8;181.364;-129.25;1963.8
0;203.016;323.686;2005.87
4;-111.71;20.9492;1806.85
13;80.91;-1148.69;2075.41
6;-21.773;209.043;1681.07
9;67.8348;-325.845;1947.53
11;65.1297;-719.459;1972.1
2;11.6527;79.8129;1991.06
1;189.698;70.75;1986.92
5;433.509;-73.846;1798.63
14;288.271;-1082.95;2018.12
7;317.494;197.732;1692.03
10;268.727;-336.071;1942.86
12;290.895;-718.759;1959.28
3;367.742;61.6872;1982.79
8;178.989;-130.104;1966.06
0;202.695;324.002;2005.67
4;-114.081;6.66295;1806.35
13;76.2634;-1063.65;2056.9
6;-46.3509;233.887;1652.46
9;65.2614;-322.995;1945.72
11;64.9363;-705.849;1968.32
2;10.0654;80.4881;1993.69
1;188.146;71.6291;1987
5;435.576;-74.3046;1799.05
14;287.574;-1079.06;2019.94
7;321;195.379;1685.4
10;267.883;-333.075;1938.12
12;291.658;-715.243;1959.82
3;366.226;62.7701;1980.32
8;177.359;-128.203;1964.46
0;201.546;324.563;2004.96
4;-124.397;-13.3493;1811.91
13;73.1692;-1061.13;2044.19
6;-26.486;191.628;1690.9
9;58.6312;-318.564;1941.95
11;64.326;-701.447;1963.32
2;7.15875;80.8127;2000.87
1;185.692;72.3698;1986.67
5;437.503;-74.4928;1794.5
14;283.926;-1073.01;2023.69
7;322.908;190.336;1675.11
10;266.882;-328.412;1925.39
12;293.111;-708.823;1966.48
3;364.225;63.9268;1972.48
8;174.224;-125.559;1960.17
0;196.989;327.483;2000.39
4;-128.707;-35.6574;1815.85
13;71.0158;-1061.88;2044.57
6;-54.6068;194.216;1656.88
9;59.7899;-318.524;1941.18
11;64.5798;-701.288;1966.96
2;5.08734;75.8747;1999.89
1;178.844;69.8492;1984.64
5;442.357;-76.8015;1801
14;279.545;-1071.45;2012.89
7;323.254;182.192;1678.88
10;261.537;-325.521;1923.47
12;290.784;-705.557;1967.2
3;352.601;63.8237;1969.39
8;169.754;-126.087;1958.48
0;193.125;328.431;1997.27
4;-129.44;-55.4789;1820.34
13;66.6599;-1065.54;2052.4
6;-59.6766;174.148;1657.5
9;56.4301;-321.446;1944.73
11;63.865;-703.073;1983.73
2;1.6612;73.3972;1994.22
1;173.524;68.8492;1980.28
5;445.516;-78.391;1806.97
14;273.254;-1074.13;2008.88
7;324.565;164.643;1688.13
10;262.688;-326.905;1927.99
12;285.99;-708.263;1963.17
3;345.386;64.3011;1966.33
8;166.541;-127.663;1958.32
0;189.466;328.592;1994.92
4;-131.542;-70.9928;1825.06
13;59.895;-1075.01;2055.69
6;-50.0845;113.492;1693.75
9;55.0582;-330.938;1944.08
11;58.4318;-712.418;1986.68
2;-2.61485;69.1962;1988.95
1;165.747;66.5794;1970.37
5;448.722;-81.8184;1810.92
14;266.074;-1079.92;2005.9
7;320.715;166.555;1697.95
10;255.783;-334.058;1921.93
12;247.311;-717.461;1938.74
3;334.11;63.9626;1951.79
8;160.584;-132.959;1951.69
0;180.313;329.759;1989
4;-134.841;-84.1337;1834.15
13;56.4798;-1177.29;2076.9
6;-69.7417;135.786;1665
9;49.4987;-328.699;1944.2
11;56.3256;-740.025;1995.78
2;-10.7493;67.9322;1983.24
1;153.839;68.4834;1961.37
5;450.125;-84.753;1815.33
14;264.356;-1122.3;2011.43
7;319.375;150.197;1709.08
10;252.688;-328.018;1917.2
12;236.483;-698.403;1896.76
3;318.428;69.0345;1939.5
8;152.466;-129.938;1946.03
0;175.54;330.335;1985.61
4;-137.43;-92.6635;1839.67
13;51.6376;-1171.96;2076.04
6;-70.2537;122.897;1675.17
9;48.5829;-329.649;1944.04
11;55.2715;-739.053;1997.92
2;-16.2603;65.0031;1980.21
1;149.718;66.5164;1957.58
5;447.654;-95.7052;1820.19
14;259.858;-1063.08;1982.05
7;319.377;138.222;1717.39
10;250.615;-327.807;1916.5
12;254.683;-709.639;1875.04
3;315.696;68.0297;1934.95
8;149.658;-131.106;1943.93
0;172.12;330.974;1983.14
4;-145.237;-118.736;1858.22
13;50.5041;-1166.79;2068.82
6;-73.3749;108.43;1689.78
9;46.2217;-327.709;1941.3
11;50.1421;-730.815;1988.34
2;-19.1435;66.8742;1980.33
1;147.752;66.5702;1957.54
5;444.43;-107.848;1828.81
14;258.524;-1065.01;1987.43
7;315.61;121.56;1731.65
10;239.801;-328.062;1914.87
12;239.264;-710.931;1884.18
3;314.647;66.2662;1934.76
8;145.382;-130.658;1942.81
0;163.185;329.614;1975.29
4;-150.263;-130.953;1864.08
13;50.7406;-1069.3;2048.29
6;-74.1926;98.3336;1704.98
9;40.8456;-325.929;1937.3
11;45.9219;-706.886;1980.67
2;-21.5681;66.9342;1979.37
1;143.958;66.0152;1955.43
5;443.653;-116.159;1833.35
14;259.753;-1123.39;2011.79
7;310.695;104.774;1750.12
10;233.439;-326.998;1909.45
12;237.401;-695.719;1913.74
3;309.484;65.0962;1931.49
8;140.55;-130.224;1939.4
0;162.675;328.29;1974.35
4;-149.173;-144.345;1887.61
13;52.1426;-1136.18;2058.11
6;-76.3655;85.9063;1723.41
9;39.5485;-310.218;1932.14
11;49.1817;-695.401;1972.59
2;-22.6976;62.7471;1978.9
1;140.825;63.8537;1953
5;441.384;-126.832;1839.53
14;253.143;-1050.24;1974.85
7;311.322;102.116;1758.73
10;235.627;-308.891;1901.08
12;243.447;-692.654;1882.18
3;304.348;64.9603;1927.09
8;139.206;-122.85;1934.8
0;158.887;326.942;1971.54
4;-153.634;-153.673;1923.72
13;54.4719;-1127.97;2053.82
6;-83.2569;69.0502;1733.09
9;38.4781;-309.355;1927.97
11;49.5163;-687.042;1963.39
2;-23.0899;60.5591;1980.31
1;138.632;61.9433;1952.82
5;434.233;-139.737;1845.83
14;252.103;-1124.71;1998.72
7;313.809;100.148;1778.24
10;231.117;-307.706;1895.23
12;267.366;-640.131;1889.39
3;300.354;63.3275;1925.34
8;136.715;-123.293;1932.21
0;155.237;325.698;1968.62
4;-154.165;-163.619;1943.16
13;55.2435;-1122.81;2048.87
6;-87.4634;58.5533;1746.15
9;36.4881;-309.766;1924.89
11;47.0582;-682.676;1957.43
2;-23.1514;58.2881;1981.43
1;137.058;59.5605;1953.37
5;431.812;-147.795;1852.84
14;251.721;-1052.31;1976.25
7;319.113;92.7763;1778.85
10;227.64;-308.248;1891.41
12;263.809;-690.729;1900.98
3;297.268;60.8329;1925.31
8;134.561;-124.723;1930.76
0;153.608;325.853;1967.98
4;-152.765;-168.488;1939.14
13;57.1407;-1118.77;2042.69
6;-92.821;48.5696;1754
9;34.5798;-312.991;1923.43
11;44.8218;-679.552;1950.68
2;-22.7186;57.4829;1981.69
1;136.029;58.7577;1952.52
5;423.102;-140.847;1879.93
14;249.823;-1054.3;1977.51
7;328.14;89.9165;1794.02
10;226.278;-311.451;1888.21
12;263.312;-693.002;1904.14
3;294.777;60.0325;1923.36
8;133.229;-126.732;1929.17
0;150.996;325.291;1966.68
4;-154.542;-174.054;1929.23
13;58.7973;-1114.67;2040.66
6;-100.995;50.8902;1755.27
9;30.7246;-320.427;1920.67
11;42.7572;-676.134;1948.39
2;-21.9356;52.9875;1977.31
1;134.67;53.4155;1951.31
5;421.634;-146.033;1894.07
14;247.675;-1063.5;1974.66
7;341.024;90.0664;1795.81
10;225.127;-319.895;1888.4
12;261.335;-701.782;1902.5
3;291.275;53.8435;1925.32
8;131.298;-133.373;1927.92
0;148.847;324.606;1966.01
4;-156.048;-169.308;1935.95
13;57.709;-1067.66;2021.65
6;-113.013;49.828;1759.2
9;29.2378;-323.762;1921.36
11;41.0929;-706.583;1946.96
2;-22.1893;49.3641;1980.07
1;135.53;49.1525;1954.02
5;421.387;-155.096;1901.49
14;244.425;-1110.11;1993.76
7;354.591;83.6965;1800.59
10;224.698;-324.025;1889.07
12;253.964;-656.29;1894.52
3;293.249;48.9408;1927.96
8;131.249;-137.371;1929.62
0;147.489;324.877;1965.49
4;-157.088;-171.278;1938.79
13;57.0593;-1113.15;2034.17
6;-117.659;60.5065;1756.53
9;28.4203;-326.481;1921.1
11;37.567;-669.468;1941.32
2;-23.424;51.2322;1980.03
1;135.412;50.8274;1954.4
5;421.912;-152.42;1901.69
14;246.5;-1070.76;1980.02
7;366.956;87.588;1803.69
10;224.623;-326.981;1889.44
12;240.718;-708.606;1914.56
3;294.248;50.4226;1928.77
8;130.967;-137.952;1929.83
0;146.156;325.353;1964.95
4;-157.992;-171.211;1939.62
13;58.5004;-1114.38;2035.13
6;-133.802;58.0123;1756.88
9;29.3306;-326.525;1922.33
11;34.1926;-670.861;1943.6
2;-23.733;51.1586;1979.97
1;135.283;50.7865;1954.31
5;427.974;-150.997;1900.66
14;241.867;-1071.83;1976.14
7;385.164;100.584;1803.34
10;224.079;-326.981;1890.91
12;240.667;-708.629;1916.17
3;294.3;50.4143;1928.65
8;130.994;-137.983;1930.46
0;145.274;325.672;1964.69
4;-164.07;-171.19;1938.74
13;59.3291;-1114.07;2031.43
6;-150.473;60.5663;1759.21
9;29.7387;-325.891;1923.44
11;31.8259;-670.339;1940.59
2;-26.7706;47.7812;1982.19
1;134.054;48.2614;1956.91
5;433.065;-151.213;1898.97
14;241.785;-1064.88;1962.47
7;406.132;107.914;1805.07
10;225.251;-325.307;1892.71
12;239.381;-707.689;1872.08
3;294.879;48.7415;1931.64
8;130.775;-138.669;1932.49
0;144.191;326.092;1965.23
4;-172.886;-166.191;1933.91
13;54.0112;-1109.96;2026.66
6;-166.58;75.1817;1762.25
9;26.8239;-323.744;1922.99
11;29.4594;-667.134;1937.38
2;-29.0771;48.0425;1982.54
1;132.976;48.4247;1958.17
5;444.984;-148.331;1898.43
14;238.202;-1058.38;1955.88
7;429.346;115.668;1814.77
10;225.801;-323.275;1893.07
12;233.663;-704.184;1855.82
3;295.029;48.807;1933.8
8;129.644;-137.542;1933.1
0;141.656;325.892;1965.41
4;-205.618;-165.976;1934.18
13;47.4474;-1107.89;2025.9
6;-155.463;40.4327;1780.81
9;25.6646;-324.371;1917.59
11;26.2865;-663.271;1932.18
2;-33.6612;37.9655;1985.64
1;135.795;36.6939;1967.43
5;469.791;-152.621;1907.03
14;233.774;-1053.1;1954.1
7;455.18;124.304;1814.45
10;227.454;-325.885;1895.91
12;208.716;-704.083;1840.04
3;305.252;35.4223;1949.22
8;131.177;-144.217;1937.09
0;141.691;326.006;1967.22
4;-217.925;-160.217;1936.55
13;46.3826;-1106.1;2027.96
6;-237.346;101.889;1762.25
9;25.0803;-328.101;1917.71
11;23.3041;-663.969;1930.59
2;-33.3321;39.5207;1987.12
1;136.558;38.2059;1968.61
5;480.823;-153.054;1914.57
14;237.383;-1064.27;1973.91
7;493.112;131.094;1823.65
10;228.84;-329.678;1895.5
12;208.524;-711.284;1873.8
3;306.449;36.891;1950.09
8;131.759;-145.342;1937.6
0;139.693;325.919;1968.73
4;-239.059;-142.886;1915.57
13;40.9736;-1072.97;2009.74
6;-286.121;128.477;1756.26
9;26.92;-330.906;1918.09
11;20.7541;-713.549;1932.3
2;-36.1382;36.7232;1985.86
1;132.989;37.8006;1966.21
5;491.059;-145.546;1928.58
14;241.254;-1115.16;2003.69
7;540.261;138.473;1844.6
10;229.826;-329.614;1894.51
12;212.715;-684.652;1879.92
3;302.115;38.8781;1946.56
8;130.681;-146.23;1936.25
0;137.333;325.321;1970.26
4;-263.454;-118.026;1912.69
13;43.8744;-1111.86;2026.35
6;-343.617;152.471;1756.55
9;27.2929;-328.703;1913.76
11;19.7385;-665.087;1927.74
2;-35.992;34.8617;1986.71
1;134.456;34.9975;1970.97
5;506.117;-127.474;1936.21
14;228.396;-1063.02;1985.33
7;591.693;149.998;1857.55
10;229.904;-328.542;1895.05
12;214.776;-710.445;1881.76
3;304.905;35.1334;1955.23
8;131.527;-146.813;1937.69
0;136.005;325.212;1971.52
4;-278.214;-99.3344;1913.8
13;42.2547;-1114.26;2025.45
6;-407.453;172.456;1770.15
9;26.7745;-329.957;1912.78
11;22.2565;-669.435;1922.07
2;-38.6723;30.8135;1985.87
1;133.425;31.4959;1971.74
5;543.201;-94.1834;1944.93
14;230.848;-1115.06;2012.66
7;663.31;166.451;1877.74
10;231.869;-329.144;1895.93
12;235.322;-700.335;1887.06
3;305.522;32.1782;1957.6
8;131.373;-149.027;1938.05
