228
0;282.319;247.15;1882.82
4;-67.0501;189.443;1696.08
13;97.4333;-1284.55;1440.32
6;189.93;339.627;1634.88
9;144.599;-424.174;1756.15
11;127.067;-865.785;1602.29
2;108.347;35.2746;1854.9
1;272.655;31.0551;1839.33
5;526.86;171.475;1642.38
14;442.335;-1302.03;1464.42
7;281.478;341.516;1600.44
10;359.497;-429.693;1735.79
12;394.836;-879.637;1612.09
3;436.963;26.8355;1823.76
8;262.352;-197.939;1792.65
0;278.849;237.099;1873.52
4;-61.8872;190.572;1698.3
13;126.386;-1310.37;1475.17
6;191.942;344.546;1629.31
9;145.238;-435.847;1751.42
11;144.433;-886.31;1624.6
2;106.015;24.3995;1845.34
1;270.52;20.6958;1831.74
5;524.034;162.657;1644.77
14;427.21;-1324.64;1499.28
7;280.221;340.863;1616.59
10;360.394;-440.691;1733.65
12;386.368;-897.079;1633.47
3;435.024;16.9921;1818.15
8;261.668;-208.787;1787.14
0;277.476;238.12;1868.41
4;-52.9686;196.925;1696.56
13;144.783;-1321.68;1515.28
6;197.792;357.022;1627.99
9;145.711;-436.627;1754.85
11;153.803;-893.126;1652.17
2;105.138;24.8399;1841.94
1;269.749;21.2133;1829.51
5;515.035;160.618;1644.73
14;415.468;-1333.68;1536.04
7;273.643;345.067;1624.4
10;361.006;-441.37;1738.6
12;380.283;-901.91;1657.77
3;434.36;17.5867;1817.07
8;261.554;-208.893;1788.11
0;269.598;238.874;1862
4;-47.0161;202.88;1696.41
13;156.155;-1331.85;1551.54
6;201.413;367.25;1628.13
9;146.159;-438.994;1758.58
11;158.286;-899.512;1676.26
2;100.016;22.9508;1840
1;264.517;21.4414;1825.93
5;503.284;166.833;1642.48
14;406.127;-1339.37;1564.85
7;262.092;353.212;1627.63
10;361.31;-440.968;1740.18
12;375.754;-904.176;1675.14
3;429.018;19.9321;1811.85
8;259.125;-209.27;1787.65
0;257.591;244.719;1864.25
4;-46.1999;206.635;1700.58
13;168.563;-1335.15;1585.17
6;199.066;374.009;1627.76
9;152.234;-436.497;1763.99
11;165.553;-899.654;1698.34
2;93.9626;24.1449;1844.41
1;258.259;27.1735;1828.89
5;495.077;175.045;1640.65
14;509.889;-1264.56;1391.28
7;252.12;360.068;1632.23
10;367.117;-432.536;1743.68
12;439.903;-856.704;1564.03
3;422.555;30.202;1813.36
8;258.967;-203.672;1791.36
0;252.397;247.258;1865.39
4;-44.0106;209.686;1704.54
13;174.335;-1338.52;1612.7
6;200.822;375.765;1627.08
9;154.637;-435.52;1767.28
11;167.592;-900.392;1715.06
2;91.3379;24.5937;1847.42
1;255.461;29.6393;1830.41
5;498.521;176.564;1641.64
14;483.698;-1286.38;1438.57
7;253.534;359.331;1634.96
10;369.294;-428.921;1745.04
12;423.006;-869.542;1596.82
3;419.585;34.6849;1813.4
8;258.713;-201.291;1793.28
0;248.867;246.974;1869.09
4;-44.3096;211.383;1708.71
13;174.677;-1341.73;1631.94
6;201.034;375.396;1628.28
9;153.498;-435.45;1765.81
11;165.323;-901.432;1724.31
2;88.7272;23.6425;1850.76
1;252.657;29.6782;1832.1
5;505.662;174.313;1644.01
14;460.225;-1300.94;1476.49
7;257.782;353.276;1636.85
10;367.902;-427.556;1741.4
12;407.697;-877.918;1620.6
3;416.586;35.714;1813.44
8;256.679;-200.912;1792.85
0;242.679;245.657;1871.43
4;-43.6879;212.494;1712.53
13;176.803;-1346.4;1650.53
6;202.066;374.21;1628.68
9;155.329;-437.623;1766.7
11;165.714;-904.319;1733.72
2;85.6881;19.9213;1856.08
1;248.883;28.6533;1833.07
5;516.238;169.957;1645.8
14;444.042;-1310.93;1507.75
7;262.742;340.537;1635.54
10;368.772;-426.203;1736.62
12;398.504;-882.861;1638.74
3;412.078;37.3853;1810.07
8;255.467;-201.63;1792.37
0;239.565;242.311;1872.89
4;-42.54;214.189;1715.18
13;176.146;-1351.8;1665.26
6;205.014;371.737;1628.75
9;155.108;-441.099;1766.32
11;164.002;-908.254;1740.1
2;83.7928;15.618;1858.73
1;246.618;25.5086;1833.47
5;521.009;168.391;1646.23
14;430.02;-1321.07;1535.42
7;262.274;330.765;1634.46
10;368.067;-428.164;1733.28
12;390.472;-888.878;1654.28
3;409.444;35.3992;1808.2
8;254.103;-204.561;1791.63
0;241.613;233.158;1873
4;-43.278;215.759;1718.28
13;172.929;-1361.64;1676.61
6;207.289;366.797;1629.15
9;152.761;-449.452;1764.72
11;160.249;-916.902;1743.86
2;84.9567;6.8129;1861.9
1;246.993;16.5786;1832.11
5;524.009;168.196;1647.44
14;416.123;-1335.54;1554.45
7;261.326;324.057;1633.99
10;364.689;-436.68;1725.76
12;381.713;-900.001;1662.16
3;409.03;26.3442;1802.32
8;252.859;-213.244;1788.67
0;241.953;229.71;1872.38
4;-45.5944;214.202;1722.42
13;170.371;-1366;1686.77
6;205.122;362.29;1628.8
9;151.317;-452.636;1763.77
11;157.544;-920.275;1747.15
2;85.0692;3.44754;1862.95
1;246.713;13.2161;1830.92
5;525.788;168.228;1648.78
14;405.765;-1343.11;1573.27
7;260.906;320.246;1632.86
10;362.732;-439.86;1721.88
12;375.768;-904.853;1670.77
3;408.357;22.9847;1798.89
8;251.869;-216.516;1786.87
0;246.235;227.325;1871.59
4;-50.7347;215.108;1726.72
13;170.344;-1368.26;1691.65
6;201.445;358.185;1629.34
9;152.526;-453.984;1759.1
11;157.658;-921.744;1745.86
2;87.9382;2.22862;1858.81
1;250.136;10.961;1829.35
5;526.733;168.386;1650.16
14;400.917;-1349.1;1591.35
7;259.887;316.829;1632.45
10;364.665;-442.563;1720.55
12;374.717;-908.629;1679.54
3;412.334;19.6933;1799.88
8;254.366;-218.656;1784.59
0;241.388;220.994;1868.8
4;-57.6808;212.259;1731.2
13;167.232;-1375.77;1697.35
6;194.54;353.78;1631.52
9;150.693;-460.76;1756.54
11;154.894;-928.597;1745.99
2;83.9768;-4.65256;1855.36
1;246.348;4.58611;1826.88
5;527.621;169.424;1650.92
14;393.784;-1357.7;1606.7
7;259.443;315.395;1632.09
10;363.058;-448.677;1719.29
12;370.856;-915.429;1686.4
3;408.719;13.8248;1798.4
8;251.612;-225.066;1782.4
0;239.844;215.963;1870.91
4;-62.8476;212.55;1732.87
13;165.371;-1380.96;1703.43
6;191.047;351.173;1633.3
9;150.101;-465.375;1755.49
11;153.523;-933.262;1747.07
2;83.3042;-10.3605;1859.14
1;244.96;-0.0970459;1827.28
5;528.03;170.804;1651.46
14;387.714;-1362.87;1615.48
7;259.231;315.802;1633.44
10;361.531;-451.952;1713.82
12;367.613;-919.144;1687.45
3;406.615;10.1664;1795.41
8;250.388;-229.38;1780.97
0;238.212;215.835;1870.82
4;-66.6714;212.126;1734.49
13;164.372;-1382.1;1711.16
6;188.349;349.474;1635.97
9;150.333;-466.052;1757.03
11;153.11;-933.971;1750.31
2;82.4128;-11.1601;1860.54
1;243.798;-0.266663;1827.42
5;528.312;171.306;1654.01
14;383.83;-1364.19;1627.64
7;259.778;316.752;1635.34
10;361.409;-451.805;1713.72
12;366.174;-919.278;1692.61
3;405.183;10.6268;1794.31
8;249.835;-229.598;1781.4
0;236.315;219.144;1873.66
4;-68.8456;211.403;1737.24
13;168.023;-1379.27;1715.4
6;186.174;348.451;1638.26
9;155.158;-462.858;1755.89
11;157.404;-930.797;1750.52
2;82.5005;-9.00523;1860.64
1;244.185;3.2724;1829.53
5;528.713;172.38;1654.48
14;385.908;-1360.32;1639.68
7;259.533;316.713;1636.37
10;366.625;-446.8;1715.21
12;370.373;-914.454;1698.3
3;405.869;15.55;1798.43
8;252.538;-225.778;1782.54
0;234.462;219.457;1875.32
4;-71.245;210.607;1739.27
13;168.933;-1378.72;1716.24
6;184.759;347.239;1642.27
9;157.174;-462.011;1752.04
11;158.986;-929.963;1747.75
2;81.4389;-8.82402;1857.49
1;243.753;3.84167;1830.21
5;529.457;172.939;1656.19
14;386.114;-1359.86;1649.95
7;260;316.769;1638.09
10;369.465;-445.446;1716.36
12;372.421;-913.215;1702.82
3;406.067;16.5074;1802.93
8;253.536;-224.943;1782.2
0;232.829;219.415;1876.21
4;-75.4939;212.138;1741.94
13;169.772;-1378.9;1718.47
6;182.404;346.141;1646.34
9;159.046;-461.951;1750.17
11;160.506;-929.911;1746.75
2;80.6695;-9.2495;1855.82
1;243.303;3.94173;1830.67
5;530.766;173.54;1657.4
14;386.181;-1359.82;1658.77
7;261.034;316.886;1639.51
10;371.755;-444.698;1717.28
12;374.093;-912.541;1706.44
3;405.937;17.1329;1805.52
8;254.352;-224.691;1782.2
0;231.995;217.429;1875.57
4;-76.4085;213.405;1744.52
13;170.465;-1381.13;1720.17
6;181.908;346.043;1648.12
9;160.697;-463.985;1748.29
11;161.872;-931.951;1745.55
2;80.5011;-11.5838;1853.89
1;243.29;2.02748;1829.87
5;531.137;174.456;1658.44
14;386.15;-1361.87;1665.22
7;262.004;319.159;1642.78
10;373.608;-446.183;1716.87
12;375.462;-914.074;1708.19
3;406.078;15.6387;1805.85
8;255.221;-226.528;1781.22
0;232.069;215.54;1876.07
4;-77.8516;213.769;1745.89
13;171.78;-1383.18;1722.62
6;181.038;345.724;1650.07
9;162.898;-465.882;1747.59
11;163.842;-933.851;1745.41
2;81.3354;-14.0032;1854.4
1;243.998;0.280548;1829.85
5;531.453;175.051;1659.12
14;386.58;-1363.33;1669.81
7;262.605;320.475;1645.32
10;375.645;-447.2;1715.48
12;377.117;-915.121;1708.54
3;406.661;14.5643;1805.29
8;256.635;-228.13;1780.69
0;232.793;215.426;1875.02
4;-77.0433;212.175;1745.75
13;171.011;-1383.61;1725.81
6;181.201;346.778;1651.93
9;162.943;-466.189;1748.02
11;163.701;-934.16;1746.27
2;81.9048;-13.9772;1853.83
1;244.568;0.0923767;1829.1
5;531.989;176.265;1660.82
14;385.251;-1364.27;1675.22
7;263.024;321.252;1644.9
10;375.691;-447.788;1715.67
12;376.862;-915.728;1710.12
3;407.231;14.162;1804.37
8;256.943;-228.448;1780.47
0;233.379;220.505;1877.01
4;-78.146;212.773;1745.87
13;169.888;-1378.8;1731.65
6;181.149;347.188;1654.72
9;162.568;-461.273;1751.41
11;163.176;-929.246;1750.01
2;82.423;-9.00957;1857.69
1;244.811;5.11183;1831.28
5;532.3;177.192;1662.01
14;383.336;-1359.57;1680.97
7;263.007;321.68;1647.01
10;374.956;-442.804;1716.86
12;375.888;-910.757;1712.41
3;407.2;19.2332;1804.86
8;256.787;-223.463;1782.71
0;234.183;224.465;1876.8
4;-78.2523;213.738;1747.42
13;167.801;-1375.08;1735.75
6;181.062;346.672;1654.17
9;161.166;-457.475;1753.36
11;161.653;-925.449;1752.24
2;82.4819;-4.65234;1858.33
1;244.883;8.90984;1831.67
5;532.395;176.142;1663.46
14;380.932;-1356.73;1686.6
7;263.617;321.541;1647.98
10;373.57;-439.737;1718.48
12;374.312;-907.698;1714.92
3;407.283;22.472;1805
8;256.125;-219.848;1783.79
0;233.038;226.421;1877.23
4;-73.4362;212.921;1745.93
13;165.364;-1373.23;1738.5
6;184.285;349.353;1653.36
9;159.353;-455.558;1754.21
11;159.744;-923.532;1753.31
2;80.761;-2.37065;1857.67
1;243.429;10.7679;1832.49
5;532.286;177.169;1664.02
14;378.59;-1355.55;1692.91
7;262.912;321.544;1649.35
10;372.107;-438.374;1721.27
12;372.7;-906.34;1718.42
3;406.098;23.9065;1807.31
8;254.58;-218.099;1785.11
0;233.605;227.166;1876.89
4;-69.8092;212.258;1745.23
13;164.302;-1372.44;1740.03
6;186.882;350.618;1652.63
9;158.861;-454.716;1754.06
11;159.174;-922.69;1753.34
2;80.9591;-1.25153;1856.84
1;243.765;11.4667;1832.31
5;532.369;177.237;1664.81
14;377.514;-1355.41;1696.73
7;263.558;322.701;1650.54
10;371.795;-438.082;1721.98
12;372.268;-906.051;1719.7
3;406.571;24.1849;1807.78
8;254.546;-217.466;1785.16
0;233.581;227.534;1877.54
4;-69.8998;211.666;1746.38
13;163.697;-1372.04;1741.8
6;186.722;349.579;1652.88
9;158.775;-454.277;1754.33
11;159.025;-922.252;1753.75
2;80.8185;-0.755737;1856.82
1;243.745;11.8216;1833.02
5;532.849;177.482;1665.06
14;376.921;-1355.27;1700.68
7;263.567;322.149;1651.61
10;371.867;-437.827;1723.2
12;372.244;-905.799;1721.37
3;406.671;24.3989;1809.22
8;254.533;-217.115;1785.89
0;232.401;228.644;1878.09
4;-71.1745;209.353;1748.01
13;164.115;-1371.22;1743.81
6;184.352;348.665;1653.58
9;159.664;-453.417;1755.01
11;159.865;-921.392;1754.56
2;80.3134;-0.108383;1857.38
1;243.226;12.9345;1833.71
5;533.175;176.887;1666.83
14;377.212;-1353.9;1703.98
7;265.312;324.081;1652.74
10;372.738;-436.358;1724.07
12;373.039;-904.331;1722.61
3;406.138;25.9774;1810.05
8;254.713;-215.977;1786.63
0;231.431;228.376;1877.56
4;-69.1806;210.46;1744.49
13;162.555;-1371.58;1744.94
6;187.57;349.685;1653.36
9;158.532;-453.754;1754.96
11;158.693;-921.729;1754.6
2;79.182;-0.220901;1856.33
1;242.233;12.5972;1833.52
5;533.208;176.488;1667.6
14;375.754;-1354.61;1707.19
7;266.354;325.563;1654.13
10;371.787;-436.99;1725.13
12;372.028;-904.963;1723.97
3;405.284;25.4153;1810.71
8;253.696;-216.387;1786.78
0;233.213;228.046;1877.76
4;-65.5285;209.843;1742.69
13;158.407;-1371.65;1748.13
6;190.503;351.925;1654.01
9;154.773;-453.793;1757.1
11;154.901;-921.768;1756.81
2;79.3158;0.390259;1858.46
1;242.213;12.1179;1834.08
5;533.931;175.975;1669.03
14;371.348;-1356.14;1709.19
7;267.489;325.723;1654.75
10;367.826;-438.455;1725.22
12;368.019;-906.429;1724.29
3;405.11;23.8456;1809.71
8;251.756;-217.003;1787.62
0;235.47;229.404;1877.71
4;-60.9838;211.263;1741.54
13;155.885;-1370.25;1751.72
6;195.006;353.426;1652.81
9;152.603;-452.378;1759.76
11;152.705;-920.353;1759.52
2;80.2238;2.54256;1860.03
1;243.028;13.3068;1834.61
5;534.001;175.485;1669.95
14;368.666;-1356.03;1712.17
7;268.18;326.328;1655.59
10;365.535;-438.299;1726.51
12;365.689;-906.273;1725.76
3;405.832;24.071;1809.19
8;251.048;-216.016;1788.87
0;236.685;230.414;1877.17
4;-58.4836;212.239;1741.01
13;153.851;-1369.34;1754.58
6;197.201;355.407;1652.99
9;150.888;-451.451;1761.78
11;150.97;-919.426;1761.6
2;80.5496;4.05644;1860.86
1;243.292;14.1494;1834.75
5;534.148;175.317;1670.51
14;366.525;-1356.03;1714.8
7;268.586;326.657;1656.5
10;363.738;-438.25;1727.64
12;363.861;-906.225;1727.04
3;406.034;24.2424;1808.64
8;250.302;-215.351;1789.73
0;239.058;231.277;1876.28
4;-56.5702;212.922;1740.58
13;151.806;-1368.51;1757.79
6;198.445;357.307;1652.6
9;149.132;-450.608;1764.24
11;149.197;-918.583;1764.09
2;81.6609;5.6786;1861.69
1;244.326;14.803;1834.76
5;534.466;174.771;1671.22
14;364.364;-1356.48;1717.52
7;268.836;325.874;1656
10;361.881;-438.674;1729.02
12;361.98;-906.649;1728.54
3;406.991;23.9273;1807.83
8;249.916;-214.919;1790.7
0;239.692;230.641;1877.78
4;-54.8852;214.38;1739.89
13;149.911;-1368.32;1756.83
6;201.481;357.265;1653.42
9;147.497;-450.41;1762.62
11;147.55;-918.385;1762.5
2;81.4453;5.85905;1861.14
1;244.358;14.2929;1835.53
5;535.111;174.83;1672.68
14;362.786;-1357.22;1718.82
7;269.165;325.27;1656.45
10;360.571;-439.38;1729.12
12;360.65;-907.354;1728.74
3;407.271;22.7268;1809.92
8;249.196;-215.301;1790.7
0;239.893;229.975;1876.42
4;-55.7483;213.78;1740.15
13;149.028;-1369.07;1757.02
6;201.109;356.449;1654.77
9;146.851;-451.151;1762.21
11;146.893;-919.125;1762.12
2;81.2394;5.39262;1859.79
1;244.231;13.54;1834.56
5;535.552;174.558;1673.63
14;362.006;-1358.35;1719.97
7;269.169;324.031;1655.79
10;360.029;-440.495;1729.21
12;360.091;-908.469;1728.91
3;407.223;21.6875;1809.33
8;248.836;-216.141;1790.13
0;240.948;230.465;1875.26
4;-55.898;213.323;1740.38
13;148.957;-1368.9;1759.05
6;200.676;357.091;1655.99
9;146.994;-450.975;1763.71
11;147.027;-918.95;1763.63
2;81.9599;6.06786;1859.31
1;245.006;13.8529;1834.3
5;535.746;173.839;1674.69
14;362.008;-1358.67;1722.71
7;269.497;323.44;1655.89
10;360.242;-440.793;1730.99
12;360.292;-908.768;1730.75
3;408.052;21.638;1809.28
8;249.312;-216.016;1790.82
0;241.645;231.271;1874.43
4;-55.575;213.733;1740.44
13;148.842;-1368.4;1761.06
6;201.273;356.847;1655.76
9;147.071;-450.468;1765.24
11;147.098;-918.443;1765.18
2;82.4286;6.99054;1859.11
1;245.513;14.5076;1834.25
5;535.312;171.994;1674.59
14;361.948;-1358.53;1725.29
7;270.675;324.543;1657.06
10;360.369;-440.636;1732.73
12;360.409;-908.611;1732.53
3;408.596;22.0247;1809.39
8;249.616;-215.522;1791.62
0;241.357;232.039;1874.65
4;-56.0787;213.707;1741.31
13;148.226;-1367.65;1761.91
6;200.056;356.949;1654.73
9;146.63;-449.718;1765.67
11;146.651;-917.693;1765.62
2;82.0539;7.82715;1859.18
1;245.185;15.2497;1834.59
5;535.783;171.105;1675.95
14;361.401;-1357.91;1726.84
7;272.063;325.059;1656.89
10;359.989;-440.01;1733.51
12;360.021;-907.985;1733.36
3;408.315;22.6722;1810.01
8;249.247;-214.807;1792.09
0;242.219;232.204;1874.69
4;-55.1904;213.244;1741.72
13;146.616;-1367.31;1763.23
6;199.872;357.451;1653.59
9;145.177;-449.37;1766.61
11;145.195;-917.344;1766.57
2;82.1964;8.46906;1859.77
1;245.3;15.3625;1834.86
5;536.463;169.34;1676.96
14;359.766;-1358.26;1728.04
7;273.6;324.652;1657.01
10;358.501;-440.354;1734.03
12;358.527;-908.328;1733.9
3;408.404;22.256;1809.94
8;248.57;-214.75;1792.59
0;242.935;232.354;1875.22
4;-53.4392;215.523;1740.65
13;145.573;-1366.9;1763.96
6;202.697;358.642;1653.88
9;144.276;-448.965;1766.99
11;144.289;-916.94;1766.96
2;82.4295;8.94798;1860.55
1;245.488;15.5288;1835.26
5;537.005;168.976;1677.93
14;358.673;-1358.28;1728.54
7;273.651;323.148;1655.79
10;357.541;-440.358;1733.91
12;357.561;-908.333;1733.81
3;408.547;22.1095;1809.97
8;248.198;-214.567;1792.86
0;242.792;230.863;1877.9
4;-53.9365;215.283;1740.8
13;143.641;-1367.71;1764.24
6;203.044;356.898;1654.05
9;142.472;-449.772;1766.97
11;142.483;-917.747;1766.94
2;81.8637;7.77557;1863.07
1;244.785;14.2303;1836.89
5;537.433;168.222;1679.15
14;356.573;-1359.25;1727.9
7;274.671;323.083;1654.86
10;355.558;-441.33;1732.73
12;355.574;-909.305;1732.65
3;407.707;20.685;1810.71
8;246.9;-215.66;1793.37
0;243.087;231.478;1876.59
4;-54.765;214.548;1741.59
13;142.074;-1367.23;1765.66
6;201.949;356.758;1655.01
9;141.021;-449.29;1768.11
11;141.03;-917.265;1768.09
2;81.5454;8.79749;1862.32
1;244.535;14.6836;1836.42
5;539.197;165.917;1680.49
14;355.104;-1359.52;1729.9
7;277.085;321.725;1655.21
10;354.195;-441.591;1734.24
12;354.208;-909.566;1734.18
3;407.524;20.5697;1810.53
8;246.071;-215.379;1793.8
0;243.291;232.455;1874.85
4;-54.9052;214.716;1741.48
13;140.916;-1366.4;1766.27
6;201.433;357.966;1655.5
9;139.967;-448.457;1768.48
11;139.974;-916.432;1768.46
2;81.2324;10.1501;1860.6
1;244.367;15.5029;1835.53
5;540.403;163.158;1681.07
14;354.146;-1359.39;1731.78
7;279.504;321.011;1655.95
10;353.33;-441.456;1735.68
12;353.341;-909.431;1735.63
3;407.501;20.8558;1810.46
8;245.508;-214.727;1793.8
0;243.372;232.132;1875.67
4;-54.8052;213.74;1741.36
13;143.358;-1366.55;1763.88
6;201.202;358.266;1656.55
9;142.504;-448.6;1765.86
11;142.509;-916.575;1765.85
2;81.7283;9.83849;1857.5
1;245.332;15.2497;1836
5;540.395;161.888;1681.78
14;357.214;-1359.46;1734.24
7;280.701;321.697;1656.56
10;356.482;-441.523;1737.74
12;356.49;-909.497;1737.7
3;408.936;20.6608;1814.5
8;247.413;-214.906;1793.9
0;243.288;231.683;1876.28
4;-55.857;213.696;1741.56
13;145.366;-1367.25;1764.25
6;200.197;358.37;1657.13
9;144.596;-449.3;1766.03
11;144.6;-917.275;1766.02
2;82.3391;8.88242;1857.96
1;245.946;14.8334;1836.47
5;540.268;163.442;1682.01
14;359.234;-1359.46;1734.77
7;280.222;322.829;1657.68
10;358.577;-441.517;1737.92
12;358.584;-909.492;1737.88
3;409.552;20.7844;1814.97
8;248.766;-215.288;1794.22
0;248.967;231.536;1876.12
4;-56.2818;213.954;1742.66
13;148.705;-1367.02;1764
6;199.787;358.568;1658.16
9;148.012;-449.075;1765.6
11;148.015;-917.05;1765.59
2;87.1631;9.42722;1856.89
1;250.934;14.6537;1836.44
5;540.044;166.598;1681.86
14;362.798;-1360.18;1736.03
7;278.829;324.256;1658.9
10;362.208;-442.239;1738.86
12;362.213;-910.214;1738.83
3;414.705;19.8801;1815.99
8;253.022;-215.502;1794.34
0;252.791;232.278;1874.94
4;-58.9318;213.174;1743.94
13;149.731;-1366.05;1764.12
6;197.142;358.19;1660.15
9;149.106;-448.104;1765.56
11;149.109;-916.079;1765.56
2;90.0198;10.8935;1855.5
1;253.908;15.2968;1835.78
5;540.092;170.79;1682.84
14;363.986;-1360.29;1737.23
7;277.889;326.631;1658.78
10;363.456;-442.345;1739.77
12;363.461;-910.32;1739.75
3;417.797;19.7;1816.06
8;255.095;-214.964;1794.22
0;251.44;236.923;1880.76
4;-59.276;220.01;1744.47
13;149.412;-1360.5;1763.72
6;198.601;363.839;1664.35
9;148.849;-442.556;1765.01
11;148.851;-910.531;1765.01
2;88.8397;15.7769;1857.64
1;252.956;20.2443;1839.99
5;539.906;173.594;1682.69
14;363.972;-1354.66;1739.65
7;281.294;335.564;1661.54
10;363.497;-436.713;1741.94
12;363.5;-904.688;1741.92
3;417.072;24.7117;1822.35
8;254.564;-209.695;1796.73
0;249.788;239.76;1881.86
4;-59.9901;224.908;1746.7
13;148.843;-1357.71;1764.1
6;197.377;370.568;1668.24
9;148.336;-439.758;1765.27
11;148.338;-907.733;1765.26
2;87.5007;18.4534;1858
1;251.683;23.1082;1840.95
5;541.183;176.453;1685.13
14;363.498;-1351.62;1740.91
7;285.877;343.457;1663.1
10;363.07;-433.67;1742.97
12;363.073;-901.645;1742.96
3;415.865;27.7629;1823.9
8;253.693;-206.803;1797.53
0;248.319;246.461;1886.33
4;-60.7333;232.027;1752.8
13;148.84;-1351.24;1768.72
6;195.462;378.78;1672.55
9;148.384;-433.291;1769.76
11;148.385;-901.266;1769.76
2;86.6648;24.5658;1863.67
1;250.66;29.8702;1845.11
5;539.686;184.677;1686.01
14;363.257;-1344.3;1743.64
7;287.057;356.188;1668.5
10;362.873;-426.353;1745.49
12;362.876;-894.328;1745.48
3;414.656;35.1746;1826.55
8;253.144;-199.976;1801.37
0;247.728;249.838;1887.77
4;-59.0303;243.211;1758.7
13;149.062;-1348.06;1770.68
6;195.074;392.352;1676.29
9;148.651;-430.113;1771.62
11;148.652;-898.088;1771.62
2;86.4934;27.5124;1866.37
1;250.306;33.2811;1846.39
5;535.138;195.743;1689.26
14;363.246;-1340.52;1743.82
7;287.543;374.642;1675.83
10;362.901;-422.568;1745.48
12;362.903;-890.543;1745.48
3;414.118;39.0499;1826.41
8;253.041;-196.53;1802.47
0;248.211;251.303;1889.31
4;-55.8614;254.188;1763.44
13;148.614;-1346.37;1771.71
6;196.283;407.625;1683.01
9;148.244;-428.417;1772.56
11;148.245;-896.392;1772.56
2;86.8181;29.0125;1868.73
1;250.47;34.8296;1847.47
5;533.351;209.06;1693.72
14;362.594;-1338.76;1743.26
7;286.698;389.627;1683.79
10;362.284;-420.809;1744.76
12;362.286;-888.784;1744.75
3;414.121;40.6467;1826.21
8;252.867;-194.892;1803.06
0;251.991;255.663;1893.8
4;-45.5336;267.773;1768.81
13;144.906;-1340.5;1774.4
6;203.505;426.828;1689.78
9;144.573;-422.55;1775.16
11;144.574;-890.525;1775.16
2;88.1747;35.2248;1872.62
1;251.874;39.3102;1851.34
5;533.373;223.176;1699.66
14;358.954;-1335.16;1745.98
7;287.242;404.672;1692.26
10;358.675;-417.206;1747.33
12;358.676;-885.181;1747.33
3;415.572;43.3956;1830.07
8;251.749;-190.284;1806.29
0;253.626;261.489;1896.97
4;-33.3595;284.682;1773.03
13;75.4825;-1247.31;1394.3
6;214.03;449.086;1700.26
9;142.791;-415.903;1776.73
11;108.477;-839.757;1581.76
2;88.7329;41.8713;1875.54
1;252.41;45.251;1853.93
5;528.821;238.827;1704.28
14;357.115;-1329.43;1747.25
7;284.209;422.486;1699.8
10;356.864;-411.483;1748.46
12;356.865;-879.458;1748.46
3;416.087;48.6306;1832.32
8;251.119;-184.221;1808.26
0;257.009;269.429;1903.63
4;-24.0288;297.091;1779.59
13;68.0228;-1240.23;1402.51
6;219.56;469.215;1712.45
9;140.252;-405.966;1778.04
11;103.429;-831.279;1586.6
2;90.1981;51.4525;1880.46
1;253.902;53.565;1858.89
5;528.521;254.67;1711.96
14;472.794;-1211.47;1335.68
7;282.735;436.827;1709.46
10;354.36;-403.203;1749.84
12;414.738;-815.259;1538.7
3;417.605;55.6776;1837.33
8;250.604;-175.51;1811.42
0;258.602;274.96;1905.81
4;-17.428;306.944;1786.48
13;65.0955;-1237.55;1410.82
6;222.278;485.303;1721.53
9;138.789;-399.397;1777.44
11;101.22;-826.692;1590.54
2;90.6693;58.0612;1880.67
1;254.553;59.2311;1860.47
5;526.942;273.597;1717.4
14;495.877;-1210.69;1352.49
7;279.393;453.058;1723.63
10;353.132;-397.867;1751.02
12;425.904;-812.246;1547.85
3;418.437;60.401;1840.27
8;250.257;-169.701;1812.35
0;268.103;290.158;1921.91
4;-12.942;314.73;1793.43
13;55.3458;-1242.31;1417.69
6;220.454;501.323;1728.94
9;140.766;-400.978;1774.19
11;97.2186;-829.894;1592.44
2;91.6614;55.5215;1881.11
1;255.676;56.9706;1862
5;527.917;287.026;1724.02
14;503.784;-1215.72;1359.08
7;279.395;464.987;1734.86
10;355.281;-399.082;1749.19
12;430.988;-815.407;1550.31
3;419.69;58.4196;1842.88
8;251.85;-171.53;1811.85
0;274.825;295.798;1930.96
4;-8.66096;318.971;1800.23
13;63.759;-1236.7;1437.59
6;219.566;512.261;1736.86
9;139.131;-385;1770.13
11;100.706;-819.199;1600.6
2;98.1453;69.4461;1887.88
1;262.027;68.687;1867.73
5;530.592;295.967;1731.87
14;507.957;-1218.35;1392.47
7;282.74;474.842;1744.43
10;353.473;-385.993;1743.78
12;432.229;-810.332;1564.68
3;425.909;67.9279;1847.58
8;254.165;-158.405;1812.34
0;275.047;302.657;1933.98
4;-6.52336;326.953;1804.11
13;67.9753;-1226.87;1447.66
6;223.578;519.834;1746.12
9;137.783;-371.475;1772.41
11;102.195;-807.561;1606.85
2;99.8981;82.6638;1892.72
1;263.636;81.1889;1871.42
5;532.931;305.6;1740.11
14;508.214;-1210.09;1402.82
7;285.366;484.734;1755.02
10;351.936;-373.404;1744.55
12;431.607;-799.951;1570.33
3;427.374;79.714;1850.12
8;254.248;-145.625;1814.95
0;276.532;304.68;1936.5
4;-6.45895;333.607;1807.44
13;67.8467;-1221.94;1456.05
6;228.135;522.708;1755.42
9;138.064;-363.393;1772.62
11;102.267;-801.085;1611.23
2;102.216;90.2735;1895.51
1;265.74;88.5925;1872.64
5;537.167;315.04;1746.67
14;505.572;-1207.9;1413.07
7;288.54;492.232;1766.05
10;351.938;-365.591;1742.71
12;430.261;-795.005;1574.66
3;429.265;86.9115;1849.77
8;255.37;-137.95;1815.15
0;276.191;305.659;1932.25
4;-9.30604;338.348;1810.03
13;64.0345;-1217.44;1455.68
6;229.33;524.287;1765.81
9;139.513;-360.311;1775.11
11;101.034;-797.28;1612.26
2;102.944;93.9272;1895.76
1;266.33;92.6539;1871.87
5;542.653;319.468;1753.06
14;504.753;-1205.05;1414.54
7;293.438;496.106;1770.16
10;353.207;-361.977;1743.86
12;430.466;-791.778;1575.97
3;429.717;91.3805;1847.98
8;256.345;-134.245;1815.68
0;275.939;308.428;1935.12
4;-10.7485;342.104;1813.59
13;62.7598;-1214.24;1456.06
6;228.985;528.441;1777.73
9;140.671;-356.905;1774.54
11;100.952;-793.975;1612.18
2;103.51;96.7791;1897.14
1;266.829;95.9522;1872.74
5;546.676;322.662;1757.02
14;502.411;-1203.39;1417.46
7;297.943;499.67;1777.13
10;354.276;-357.986;1742.62
12;429.796;-788.976;1576.85
3;430.147;95.1252;1848.33
8;257.151;-130.747;1815.66
0;276.418;308.253;1931.56
4;-11.1224;344.613;1817.18
13;61.8735;-1212.74;1455.07
6;228.348;532.214;1785.69
9;141.991;-356.519;1776.05
11;101.147;-793.024;1612.41
2;104.684;97.6597;1896.79
1;267.875;97.0013;1871.54
5;549.965;324.122;1760.51
14;497.923;-1205.29;1421.78
7;301.81;501.549;1783.81
10;355.429;-357.38;1743.02
12;428.073;-789.648;1579.25
3;431.066;96.343;1846.28
8;258.293;-129.974;1815.54
0;276.098;309.263;1929.78
4;-8.42664;348.935;1818.98
13;61.8317;-1209.92;1450.72
6;231.347;536.738;1790.56
9;142.57;-355.757;1776.98
11;101.409;-791.215;1610.65
2;105.026;98.8931;1895.88
1;268.275;98.1268;1870.99
5;551.657;324.941;1763.03
14;495.772;-1203.56;1418.96
7;304.493;503.548;1787.91
10;356.084;-356.76;1744.42
12;427.297;-788.463;1578.5
3;431.524;97.3605;1846.1
8;258.801;-129.066;1815.85
0;275.937;310.445;1928.89
4;-6.52435;353.255;1817.81
13;61.6155;-1209.61;1451.57
6;234.971;539.52;1794.28
9;143.041;-355.132;1776.9
11;101.53;-790.748;1611.04
2;105.387;99.7014;1895.08
1;268.661;98.8979;1870.35
5;552.608;325.99;1764.57
14;494.279;-1203.65;1419.88
7;306.604;505.979;1791
10;356.587;-356.183;1744.54
12;426.783;-788.227;1579.03
3;431.935;98.0945;1845.61
8;259.237;-128.38;1815.53
0;274.869;312.05;1923.95
4;-6.13337;355.142;1818.29
13;54.4027;-1207.48;1449.63
6;236.441;540.342;1797.11
9;147.574;-355.311;1777.65
11;100.075;-789.748;1610.43
2;106.163;100.176;1891.9
1;269.607;100.228;1868.34
5;552.992;327.392;1766.32
14;487.167;-1202.6;1417.31
7;306.909;507.143;1793.72
10;361.343;-355.242;1746.84
12;425.488;-787.229;1578.84
3;433.051;100.281;1844.78
8;262.033;-127.524;1815.29
0;277.804;311.66;1925.98
4;-6.14855;355.627;1817.58
13;47.3214;-1208.64;1453.92
6;236.534;540.957;1798.59
9;151.017;-355.087;1774.97
11;98.1528;-790.234;1611.3
2;108.675;99.8469;1891.11
1;272.249;100.11;1868.46
5;553.489;327.83;1767.03
14;478.777;-1204.32;1417.25
7;307.47;507.787;1793.71
10;364.956;-354.743;1745.36
12;422.983;-787.859;1578.09
3;435.823;100.373;1845.82
8;265.118;-127.402;1814.31
0;278.054;310.907;1926.49
4;-6.71087;355.285;1817.33
13;42.5964;-1209.98;1457.06
6;236.432;539.991;1797.86
9;152.33;-355.433;1773.53
11;96.3875;-791.086;1612.19
2;109.152;99.1891;1890.61
1;272.747;99.766;1868.1
5;551.805;328.68;1767.57
14;474.16;-1206.26;1419.07
7;306.588;509.845;1793.44
10;366.297;-354.678;1744.09
12;421.286;-788.817;1578.39
3;436.343;100.343;1845.59
8;266.03;-127.645;1813.45
0;278.842;310.193;1927.74
4;-7.03889;353.842;1816.37
13;41.3235;-1211.32;1459.13
6;236.924;537.503;1797.17
9;153.257;-355.792;1772.29
11;96.1928;-791.944;1612.64
2;109.72;98.2652;1891.42
1;273.222;99.2365;1868.26
5;550.124;330.861;1766.92
14;473.252;-1208.23;1421.95
7;303.391;509.794;1793.77
10;367.101;-354.522;1741.99
12;421.218;-789.746;1578.84
3;436.724;100.208;1845.1
8;266.701;-127.96;1812.7
0;278.007;308.244;1928.88
4;-7.46152;351.532;1816.61
13;47.1211;-1211.28;1452.26
6;235.318;536.608;1796.07
9;154.131;-356.862;1770.14
11;99.5769;-792.45;1608.09
2;109.544;96.5018;1891.5
1;273.057;97.9416;1868.43
5;550.042;329.945;1766.24
14;473.1;-1211.86;1428.2
7;303.175;508.765;1792.71
10;367.991;-354.979;1739.97
12;421.576;-791.82;1581.03
3;436.571;99.3814;1845.37
8;267.059;-128.99;1811.74
0;278.805;310.949;1928.44
4;-6.66314;350.59;1815.81
13;47.4636;-1209.03;1447.78
6;235.204;536.712;1793.98
9;156.206;-356.073;1769.04
11;100.769;-790.914;1605.26
2;110.726;97.4659;1889.43
1;274.458;98.7637;1868.01
5;551.172;331.489;1765.91
14;468.517;-1210.8;1425.75
7;302.331;507.574;1792.07
10;370.351;-354.376;1741.03
12;420.396;-790.985;1580.3
3;438.189;100.062;1846.59
8;268.868;-128.23;1811.52
0;277.569;308.903;1928.22
4;-6.33643;350.88;1815.16
13;39.0159;-1211.36;1453.32
6;236.024;536.16;1791.69
9;157.3;-357.045;1767.35
11;96.9984;-792.577;1607.25
2;110.321;96.0893;1888.68
1;274.082;97.9121;1867.5
5;551.194;329.911;1765.13
14;465.071;-1212.01;1425.43
7;302.862;506.861;1790.36
10;371.485;-354.661;1739.65
12;419.195;-791.743;1579.46
3;437.844;99.735;1846.33
8;269.237;-128.97;1810.5
0;278.508;308.355;1928.61
4;-5.87144;349.611;1814.3
13;40.7087;-1211.6;1451.66
6;237.105;533.677;1787.96
9;158.759;-356.952;1765.02
11;98.5766;-792.653;1605.27
2;111.128;95.8172;1887.46
1;274.92;97.8689;1866.52
5;550.538;330.343;1763.85
14;461.848;-1213.07;1425.98
7;301.878;506.848;1789.05
10;372.982;-354.269;1737.63
12;418.286;-792.089;1578.75
3;438.711;99.9206;1845.58
8;270.395;-128.871;1808.92
0;277.495;308.246;1929.3
4;-6.38033;349.229;1813.62
13;42.1736;-1209.87;1446.13
6;235.65;534.905;1790.11
9;159.444;-357.012;1764.63
11;99.6592;-791.801;1602.26
2;110.947;95.3205;1888.34
1;274.619;97.964;1866.56
5;550.206;330.288;1762.96
14;462.001;-1214.04;1429.05
7;301.56;506.801;1788.3
10;373.511;-353.555;1736.14
12;418.624;-792.235;1579.59
3;438.291;100.607;1844.78
8;270.548;-128.66;1808.47
0;276.513;308.368;1929.15
4;-4.62646;349.03;1812.44
13;37.1013;-1210.39;1449.02
6;236.608;535.783;1789.11
9;159.573;-357.154;1764.53
11;97.1362;-792.138;1603.68
2;110.67;94.9027;1889.09
1;274.228;97.9412;1866.52
5;549.943;330.756;1761.84
14;461.381;-1214.58;1430.27
7;301.473;507.491;1787.37
10;373.49;-353.18;1735
12;418.297;-792.325;1579.65
3;437.786;100.98;1843.94
8;270.38;-128.613;1808.14
0;275.533;309.821;1928.07
4;-6.49531;347.543;1812.84
13;38.6105;-1209.22;1446.47
6;234.215;534.897;1788.84
9;159.211;-356.992;1765.45
11;97.7286;-791.46;1602.84
2;110.155;95.2462;1889.3
1;273.598;98.5071;1865.93
5;548.937;329.665;1761.12
14;459.664;-1213.42;1427.81
7;300.873;507.088;1785.81
10;372.979;-352.727;1734.89
12;417.171;-791.511;1578.34
3;437.041;101.768;1842.57
8;269.847;-128.176;1808.05
0;274.52;311.634;1927.53
4;-5.34254;347.485;1812.05
13;32.1165;-1209.28;1451.18
6;235.401;534.843;1788.35
9;159.255;-356.373;1765.72
11;94.4392;-791.186;1605.37
2;109.94;96.0179;1888.91
1;273.357;99.3835;1865.36
5;548.771;330.344;1760.51
14;458.451;-1211.04;1423.01
7;299.638;506.107;1786.2
10;372.988;-351.971;1734.92
12;416.557;-789.928;1575.91
3;436.773;102.749;1841.81
8;269.739;-127.394;1807.84
0;275.294;312.271;1928.27
4;-7.84467;343.977;1813.13
13;30.3412;-1210.21;1456.88
6;232.218;531.525;1784.87
9;159.41;-355.172;1764.77
11;93.6102;-791.072;1607.81
2;109.994;97.1126;1888.31
1;273.492;100.389;1865.32
5;550.451;329.193;1759.48
14;458.018;-1209.73;1421.96
7;300.741;504.171;1784.97
10;373.25;-350.886;1734.71
12;416.465;-788.73;1575.27
3;436.991;103.665;1842.34
8;269.911;-126.32;1807.53
0;275.401;311.855;1928.14
4;-9.91664;343.031;1812.59
13;32.7338;-1209.92;1453.88
6;231.234;529.044;1783.34
9;160.142;-355.185;1763.36
11;95.1889;-790.931;1605.59
2;110.272;96.8276;1887.71
1;273.78;100.288;1864.81
5;551.332;328.455;1758.47
14;455.738;-1211.76;1426.17
7;301.827;503.822;1783.31
10;373.995;-350.659;1733.42
12;415.668;-789.652;1576.78
3;437.289;103.748;1841.92
8;270.424;-126.317;1806.6
0;275.983;312.344;1928.07
4;-12.6541;342.061;1812.47
13;29.2138;-1209.58;1456.72
6;229.39;526.632;1781.48
9;160.955;-354.097;1762.28
11;93.7928;-790.225;1606.5
2;110.965;97.9108;1886.59
1;274.58;101.215;1864.47
5;551.01;327.93;1758.3
14;455.288;-1211.66;1427.87
7;301.283;503.151;1781.91
10;374.948;-349.776;1733.33
12;415.906;-789.166;1577.6
3;438.196;104.518;1842.34
8;271.266;-125.361;1806.13
0;276.212;311.485;1928.03
4;-14.085;340.085;1812.95
13;27.7651;-1209.65;1457.8
6;227.927;524.447;1780.43
9;161.032;-353.989;1762.25
11;93.0919;-790.207;1607.04
2;110.808;97.9001;1886.9
1;274.4;101.347;1864.61
5;551.04;327.859;1758.18
14;453.597;-1210.77;1425.5
7;300.763;502.476;1780.36
10;374.994;-349.481;1733.09
12;415.066;-788.57;1576.28
3;437.991;104.795;1842.32
8;271.206;-125.194;1806.14
0;277.096;311.058;1928.52
4;-15.3711;338.111;1811.68
13;26.741;-1209.96;1460
6;226.911;522.001;1778.45
9;161.721;-353.201;1760.55
11;92.9079;-789.982;1607.33
2;111.407;98.4974;1885.86
1;275.16;101.696;1864.77
5;551.898;324.917;1758.38
14;451.312;-1211.18;1427.03
7;303.245;502.031;1778.73
10;375.893;-349.017;1732.97
12;414.342;-788.55;1577
3;438.912;104.895;1843.68
8;271.984;-124.706;1805.77
0;276.784;312.157;1928.25
4;-16.5127;337.203;1810.58
13;28.401;-1208.94;1458.07
6;226.287;520.031;1775.36
9;160.859;-352.769;1761.43
11;93.3315;-789.248;1606.77
2;110.781;99.045;1886.41
1;274.504;102.208;1865.07
5;550.743;326.024;1757.67
14;454.768;-1209.54;1425.19
7;299.765;499.678;1779
10;374.993;-348.631;1733.51
12;415.663;-787.526;1576.33
3;438.227;105.372;1843.73
8;271.215;-124.246;1806.27
0;275.951;311.716;1928.63
4;-18.1686;333.798;1810.55
13;30.7034;-1209.62;1458.45
6;223.877;516.931;1771.99
9;160.102;-352.83;1761.39
11;94.1341;-789.624;1606.95
2;110.032;98.7774;1887.13
1;273.658;102.159;1865.09
5;553.546;325.052;1756.57
14;455.201;-1210.7;1428.49
7;301.096;496.574;1777.92
10;374.108;-348.407;1732.56
12;415.449;-788.009;1577.55
3;437.283;105.541;1843.04
8;270.381;-124.229;1806.03
0;275.771;311.397;1933.31
4;-18.9877;332.864;1810.66
13;28.2058;-1210.26;1463.7
6;222.819;515.468;1768.36
9;160.344;-351.576;1759.94
11;92.9795;-789.338;1608.92
2;110.212;99.089;1888.95
1;273.765;102.791;1866.43
5;554.159;324.874;1754.49
14;451.406;-1210.09;1428.38
7;300.398;494.318;1776.92
10;374.255;-346.733;1730.48
12;413.587;-786.873;1576.47
3;437.318;106.494;1843.9
8;270.532;-123.181;1805.82
0;273.699;312.406;1937.66
4;-17.6605;333.289;1808.95
13;29.8354;-1209.09;1465.2
6;224.51;515.273;1765.95
9;160.08;-349.258;1759
11;93.6808;-787.602;1609.22
2;108.898;100.502;1890.71
1;272.452;104.702;1868.28
5;554.787;322.919;1752.23
14;451.85;-1207.78;1429.61
7;300.401;491.323;1775.54
10;373.993;-343.766;1729.66
12;413.684;-784.243;1576.69
3;436.007;108.901;1845.84
8;269.744;-120.905;1806.3
0;275.208;310.512;1937.83
4;-17.3664;333.95;1808.22
13;25.2116;-1210.37;1467.71
6;226.214;513.879;1764.54
9;161.974;-349.863;1756.46
11;92.2521;-788.551;1609.26
2;110.457;99.3855;1889.79
1;274.117;103.57;1868.15
5;557.359;321.8;1751.63
14;446.954;-1209.8;1430.51
7;301.789;488.737;1772.26
10;376.026;-344.391;1728.15
12;412.185;-785.582;1576.41
3;437.778;107.754;1846.5
8;271.559;-121.779;1805.23
0;273.219;312.61;1937.91
4;-19.565;334.378;1808.16
13;31.9229;-1207.82;1459.68
6;225.407;512.007;1762.92
9;161.594;-349.197;1757.02
11;95.4873;-786.927;1605.43
2;109.009;99.9367;1890.33
1;272.588;104.65;1868.19
5;558.14;321.835;1752.03
14;449.178;-1209.7;1434.74
7;302.793;489.458;1769.58
10;375.539;-343.033;1728.06
12;413.081;-784.864;1578.52
3;436.167;109.363;1846.05
8;270.577;-120.733;1805.36
0;273.729;314.461;1938.46
4;-20.9244;332.119;1808.52
13;29.5066;-1208.48;1465.64
6;223.322;511.132;1764.81
9;162.474;-347.934;1755.91
11;94.6867;-786.645;1607.93
2;109.295;101.068;1889.45
1;272.949;105.848;1867.88
5;557.847;320.22;1750.79
14;447.551;-1209.15;1436.08
7;303.231;488.984;1768.23
10;376.517;-341.683;1727.7
12;412.73;-783.922;1579.03
3;436.603;110.628;1846.31
8;271.222;-119.48;1804.84
0;275.346;313.454;1938.74
4;-21.3018;331.979;1808.22
13;25.7993;-1208.7;1467.51
6;222.06;512.036;1763.82
9;164.315;-347.856;1754.33
11;93.6991;-786.72;1608.11
2;110.838;100.737;1889.12
1;274.503;105.659;1867.65
5;557.853;319.791;1751.46
14;443.066;-1210.26;1437.32
7;303.56;489.084;1768.64
10;378.372;-341.419;1726.26
12;411.353;-784.36;1578.96
3;438.168;110.581;1846.19
8;272.923;-119.489;1803.97
0;272.697;315.038;1938.86
4;-20.5231;330.943;1808.59
13;27.5667;-1208;1467.75
6;221.014;513.816;1765.87
9;163.261;-346.901;1755.25
11;94.0834;-785.894;1608.68
2;108.779;101.699;1889.61
1;272.399;107.034;1867.91
5;556.742;320.291;1751.68
14;445.819;-1208.51;1437.99
7;302.803;490.204;1768.01
10;377.26;-339.923;1726.86
12;412.211;-782.73;1579.6
3;436.019;112.37;1846.2
8;271.329;-118.189;1804.48
0;272.784;316.988;1938.93
4;-18.8533;333.701;1808.42
13;26.4395;-1205.38;1465.42
6;222.883;516.224;1765.23
9;164.092;-345.845;1756.68
11;93.9163;-784.038;1608.2
2;108.932;103.038;1889.82
1;272.649;108.349;1868.86
5;557.146;320.459;1752.33
14;444.113;-1205.49;1433.91
7;302.795;489.711;1769.13
10;378.218;-338.899;1729.27
12;411.811;-780.688;1578.69
3;436.366;113.66;1847.9
8;271.902;-117.011;1805.92
0;271.882;318.591;1938.96
4;-18.1166;335.162;1807.23
13;26.8698;-1203.52;1464.45
6;225.36;515.708;1765.58
9;163.84;-344.562;1757.75
11;94.012;-782.463;1608.22
2;108.27;104.374;1890.54
1;271.974;109.837;1869.51
5;558.327;319.43;1751.91
14;445.058;-1203;1432.18
7;304.414;489.127;1770.66
10;377.949;-337.417;1730.25
12;412.161;-778.697;1578.29
3;435.678;115.3;1848.48
8;271.434;-115.577;1806.75
0;270.303;318.364;1934.98
4;-20.2482;333.249;1807.94
13;28.9392;-1203.08;1461
6;223.391;513.561;1766.15
9;162.253;-345.216;1759.11
11;94.2889;-782.559;1607.13
2;106.893;104.545;1889.15
1;270.61;109.782;1868.15
5;559.411;318.128;1751.12
14;444.738;-1200.55;1424.3
7;306.215;488.585;1772.38
10;376.378;-338.366;1731.66
12;411.228;-777.913;1574.97
3;434.327;115.02;1847.16
8;269.963;-116.004;1806.77
0;271.531;316.494;1932.98
4;-20.9569;333.349;1807.63
13;27.8195;-1205.27;1461.72
6;223.174;513.123;1766.36
9;162.097;-346.875;1757.92
11;93.6416;-784.487;1606.92
2;107.521;103.13;1887.45
1;271.306;107.938;1866.9
5;561.031;317.396;1752.08
14;446.767;-1203.39;1425.81
7;306.778;486.395;1772.37
10;376.311;-340.587;1731.04
12;412.23;-780.449;1575.44
3;435.091;112.746;1846.35
8;270.255;-117.896;1805.69
0;272.053;317.101;1935.99
4;-21.5022;331.876;1807.33
13;24.2021;-1205.53;1464.31
6;222.274;512.295;1766.78
9;162.661;-346.304;1756.1
11;92.0743;-784.342;1607.34
2;107.98;102.963;1888.1
1;271.792;107.865;1867.78
5;561.555;317.046;1751.79
14;443.892;-1202.98;1424.28
7;307.789;486.72;1772.61
10;376.911;-339.893;1729.52
12;411.059;-779.9;1573.91
3;435.604;112.767;1847.47
8;270.789;-117.617;1805.3
0;271.152;316.896;1932.49
4;-21.9681;330.781;1807.06
13;23.8235;-1205.32;1460.17
6;221.42;511.688;1766.33
9;163.488;-348.035;1757.06
11;92.2863;-785.08;1605.7
2;107.805;101.808;1886.65
1;271.618;106.94;1866.4
5;561.155;317.565;1751.47
14;443.9;-1203.46;1422.46
7;306.722;486.311;1771.72
10;377.74;-341.323;1730.57
12;411.469;-780.846;1573.49
3;435.432;112.072;1846.15
8;271.116;-118.87;1805.11
0;270.656;317.782;1930.24
4;-21.588;330.19;1806.02
13;25.8841;-1202.75;1454.31
6;220.703;512.545;1765.23
9;163.455;-348.306;1760.1
11;93.3206;-783.906;1604.2
2;107.497;102.141;1887.45
1;271.21;107.462;1866.47
5;561.907;317.275;1751.57
14;442.344;-1202.48;1421.42
7;306.694;484.917;1771.17
10;377.576;-341.347;1732.65
12;410.595;-780.355;1573.99
3;434.924;112.783;1845.48
8;270.863;-118.682;1806.42
0;271.658;319.041;1929.62
4;-19.9359;332.555;1805.93
13;27.9593;-1200.97;1451.18
6;223.942;512.505;1764.03
9;164.441;-347.716;1760.83
11;94.8619;-782.708;1602.97
2;108.521;102.859;1887.78
1;272.131;108.342;1866.05
5;562.597;316.449;1751.44
14;442.265;-1201.91;1421.63
7;307.063;483.772;1769.51
10;378.427;-340.545;1732.41
12;410.972;-779.674;1573.97
3;435.742;113.825;1844.32
8;271.782;-117.894;1806.33
0;267.773;318.531;1929.31
4;-21.5209;332.87;1805.75
13;30.7588;-1200.43;1447.5
6;223.609;511.212;1764.26
9;163.515;-348.086;1761.27
11;95.8356;-782.613;1601.31
2;105.869;102.539;1887.26
1;269.546;108.438;1866.15
5;562.311;315.936;1750.35
14;444.061;-1201.42;1422.54
7;306.954;483.471;1769
10;377.589;-340.371;1733.66
12;411.477;-779.337;1575.05
3;433.223;114.336;1845.04
8;270.049;-117.895;1806.81
0;270.069;317.118;1929.15
4;-21.3021;331.535;1806.35
13;26.33;-1201.86;1450.95
6;223.029;510.615;1763.34
9;164.571;-348.875;1760.55
11;94.0952;-783.731;1602.71
2;107.245;101.789;1886.56
1;271.013;107.404;1866.09
5;561.808;316.304;1749.31
14;442.22;-1201.89;1420.15
7;306.274;483.48;1768.76
10;378.763;-341.53;1733.77
12;411.114;-780.147;1573.89
3;434.781;113.02;1845.62
8;271.34;-118.899;1806.62
0;269.924;317.588;1929.58
4;-20.8836;331.667;1806.21
13;28.6073;-1201.45;1448.81
6;223.601;510.486;1762.93
9;164.885;-348.62;1759.78
11;95.4101;-783.395;1601.25
2;107.308;101.966;1885.96
1;271.15;107.528;1866.07
5;561.182;316.488;1747.75
14;441.39;-1201.82;1420.18
7;305.734;483.6;1768.78
10;379.174;-341.345;1733.76
12;410.892;-780.018;1573.9
3;434.992;113.09;1846.18
8;271.59;-118.727;1806.42
0;271.57;316.539;1930.29
4;-20.6336;331.854;1805.75
13;22.6257;-1202.75;1452.95
6;224.796;509.314;1762.24
9;166.028;-349.249;1758.74
11;92.9208;-784.367;1602.85
2;108.488;101.047;1885.96
1;272.371;106.561;1866.39
5;561.399;314.042;1747.38
14;440.729;-1202.81;1419.99
7;307.755;483.928;1767.79
10;380.37;-342.037;1733.14
12;411.141;-780.86;1573.5
3;436.253;112.076;1846.81
8;272.785;-119.541;1806.16
0;269.216;316.158;1931.15
4;-21.0842;333.303;1803.62
13;22.5631;-1203.74;1452.99
6;225.181;509.915;1761.41
9;166.109;-350.127;1758.47
11;92.9287;-785.304;1602.73
2;107.413;99.8729;1886.21
1;271.201;105.99;1866.04
5;559.128;314.537;1745.52
14;489.907;-1198.22;1423.46
7;305.217;483.824;1767.61
10;380.327;-342.126;1732.09
12;436.191;-778.568;1574.75
3;434.989;112.107;1845.88
8;272.209;-120.068;1805.66
0;269.429;316.697;1930.07
4;-20.9156;334.117;1802.59
13;16.7278;-1203.88;1453.49
6;225.982;509.978;1760.92
9;167.313;-351.34;1758.55
11;90.544;-785.967;1603.03
2;107.853;98.7743;1885.54
1;271.679;105.04;1865.72
5;559.354;313.947;1744.6
14;460.663;-1200.43;1417.62
7;304.982;482.605;1766.27
10;381.581;-343.145;1732.63
12;421.898;-780.192;1572.04
3;435.505;111.307;1845.9
8;273.063;-121.101;1805.66
0;268.097;318.785;1929.53
4;-21.2304;334.525;1802.07
13;21.8689;-1201.5;1450.27
6;226.704;508.937;1760.48
9;167.326;-349.882;1760.31
11;93.1715;-784.042;1602.25
2;107.301;100.549;1885.89
1;271.128;106.943;1866.12
5;559.154;315.184;1743.56
14;448.695;-1199.49;1417
7;303.869;482.322;1766.21
10;381.595;-341.519;1734.44
12;415.803;-778.914;1572.61
3;434.954;113.338;1846.34
8;272.794;-119.379;1806.75
0;270.035;317.338;1928.78
4;-21.3558;334.24;1802.39
13;17.5671;-1203.67;1455.38
6;226.03;509.094;1759.42
9;168.204;-350.653;1759.01
11;91.4088;-785.523;1604.22
2;108.257;99.6768;1885
1;272.103;106.024;1865.37
5;559.662;315.75;1743.66
14;442.979;-1202.91;1420.74
7;303.839;482.276;1764.71
10;382.499;-342.351;1733.33
12;413.332;-781.066;1573.97
3;435.949;112.372;1845.74
8;273.727;-120.239;1805.77
0;270.486;318.513;1928.38
4;-21.3326;333.162;1801.64
13;14.6432;-1202.63;1457.23
6;225.171;509.313;1758.89
9;168.514;-349.918;1760.17
11;90.0701;-784.634;1605.73
2;108.634;100.571;1885.62
1;272.433;106.968;1865.61
5;559.022;314.914;1743.41
14;438.944;-1201.46;1418.31
7;303.945;482.687;1763.61
10;382.746;-341.552;1733.99
12;411.396;-779.935;1573.06
3;436.231;113.364;1845.6
8;274.031;-119.384;1806.34
0;270.731;320.671;1928.68
4;-20.3866;334.061;1799.61
13;15.571;-1201.24;1458.62
6;226.501;510.17;1758.98
9;168.513;-348.225;1761.23
11;90.5425;-783.095;1606.96
2;108.598;102.477;1885.9
1;272.419;108.807;1866.05
5;558.521;314.526;1743.19
14;435.168;-1200.43;1420.23
7;303.441;482.292;1763.48
10;382.775;-339.946;1735.27
12;409.485;-778.624;1574.66
3;436.24;115.137;1846.2
8;274.031;-117.639;1807.15
0;270.136;318.795;1928.34
4;-20.9178;333.931;1798.59
13;-13.3075;-1197.76;1463.34
6;225.953;509.868;1757.08
9;168.944;-349.161;1760.62
11;76.0314;-781.78;1609.07
2;108.58;101.543;1885.07
1;272.428;107.959;1865.48
5;558.575;315.879;1742.09
14;434.73;-1202.17;1422.16
7;302.687;482.368;1762.72
10;383.241;-340.769;1734.99
12;409.49;-779.914;1575.51
3;436.276;114.375;1845.88
8;274.26;-118.503;1806.64
0;269.156;318.58;1928.69
4;-20.6732;332.881;1798.2
13;2.58486;-1200.79;1459.43
6;225.375;509.766;1755.85
9;168.373;-350.055;1760.51
11;83.8537;-783.762;1607.01
2;107.757;100.528;1885.27
1;271.607;107.04;1865.72
5;558.239;315.06;1741.31
14;436.029;-1203.29;1423.31
7;302.265;481.516;1761.15
10;382.672;-341.537;1734.93
12;409.874;-780.863;1576.07
3;435.456;113.553;1846.16
8;273.565;-119.378;1806.72
0;269.168;318.538;1928.33
4;-19.7995;332.379;1797.31
13;9.88028;-1201.41;1455.21
6;225.562;510.084;1754.4
9;168.429;-350.862;1761.16
11;87.6003;-784.476;1605.19
2;107.616;99.8819;1885.25
1;271.453;106.455;1865.61
5;558.338;314.446;1741.76
14;435.505;-1203.27;1421.67
7;302.441;481.329;1758.55
10;382.712;-342.265;1735.48
12;409.626;-781.211;1575.5
3;435.29;113.028;1845.98
8;273.512;-120.054;1806.97
0;269.829;319.087;1928.16
4;-18.621;332.57;1795.98
13;11.122;-1201.72;1456.31
6;226.416;510.678;1752.88
9;168.9;-350.549;1761.29
11;88.4643;-784.482;1605.81
2;107.957;100.311;1884.89
1;271.827;106.842;1865.51
5;557.279;314.923;1740.6
14;432.985;-1202.51;1420.26
7;300.361;480.196;1757.77
10;383.226;-342.007;1735.95
12;408.593;-780.695;1575.01
3;435.697;113.373;1846.14
8;273.945;-119.718;1807.07
0;267.983;318.833;1929.08
4;-17.6751;333.215;1794.69
13;13.309;-1202.97;1459.68
6;228.855;509.169;1751.32
9;168.112;-349.891;1760.98
11;89.1929;-784.795;1607.38
2;106.468;100.7;1885.21
1;270.365;107.435;1866.15
5;557.487;314.385;1739.81
14;435.036;-1201.23;1419.83
7;300.44;479.608;1755.55
10;382.474;-341.082;1736.05
12;409.271;-779.588;1574.84
3;434.263;114.17;1847.08
8;272.829;-119.026;1807.33
0;267.866;316.571;1929.05
4;-18.7305;332.002;1793.48
13;15.3439;-1204.04;1457.07
6;227.483;508.54;1750.65
9;168.765;-351.171;1759.77
11;90.5504;-785.969;1605.45
2;106.915;99.1499;1884.87
1;270.8;106.016;1865.75
5;557.936;314.129;1740.4
14;434.067;-1201.98;1417.29
7;299.768;477.866;1752.44
10;383.112;-342.191;1734.76
12;409.089;-780.514;1572.91
3;434.686;112.882;1846.62
8;273.369;-120.332;1806.5
0;267.633;315.325;1928.52
4;-18.9792;331.26;1792.01
13;18.334;-1204.34;1452.9
6;227.79;507.126;1749.59
9;169.335;-352.289;1759.16
11;92.3541;-786.666;1603.03
2;106.904;98.01;1884.05
1;270.825;104.988;1865.27
5;557.492;313.926;1739.01
14;433.219;-1203.53;1418.47
7;299.523;478.024;1750.82
10;383.727;-343.163;1734.6
12;408.958;-781.783;1573.43
3;434.746;111.965;1846.49
8;273.678;-121.369;1806.07
0;268.658;313.602;1928.78
4;-19.0573;331.365;1789.79
13;12.7554;-1205.63;1456.61
6;229.01;505.716;1748.77
9;170.408;-353.493;1759.19
11;90.0361;-787.916;1604.94
2;107.929;96.6882;1884.49
1;271.839;103.72;1865.63
5;557.088;314.337;1737.92
14;431.888;-1204.92;1418.74
7;298.043;476.796;1748.83
10;384.787;-344.296;1734.54
12;408.799;-783.045;1573.54
3;435.749;110.752;1846.78
8;274.718;-122.587;1806.25
0;268.053;316.099;1928.39
4;-20.079;330.749;1788.76
13;11.9641;-1205.1;1458.59
6;228.164;505.139;1748.96
9;169.74;-352.718;1760.48
11;89.3053;-787.266;1606.58
2;107.326;97.6739;1885.05
1;271.135;104.854;1865.41
5;557.613;312.426;1736.69
14;432.854;-1203.61;1418.34
7;299.892;476.903;1748.59
10;383.986;-343.327;1734.79
12;408.899;-781.904;1573.46
3;434.944;112.034;1845.76
8;273.999;-121.584;1806.52
0;269.713;316.233;1929.21
4;-20.2188;329.708;1789.36
13;18.6928;-1203.78;1452.47
6;227.718;504.18;1748.03
9;169.596;-352.237;1760.08
11;92.6648;-786.359;1603.26
2;107.408;98.0592;1885.11
1;271.237;105.146;1865.59
5;557.968;311.311;1736.57
14;434.25;-1205.48;1424.54
7;300.757;476.669;1747.37
10;383.868;-342.969;1734.56
12;409.553;-782.682;1576.51
3;435.067;112.233;1846.07
8;273.985;-121.228;1806.46
0;267.392;317.234;1931.12
4;-20.9429;326.626;1789.63
13;17.0899;-1204.86;1458.2
6;225.731;502.947;1748.63
9;168.439;-351.226;1759.78
11;91.2807;-786.409;1606.03
2;105.94;98.7383;1885.84
1;269.787;105.937;1866.51
5;556.923;310.872;1734.51
14;437.398;-1204.1;1424.59
7;301.67;478.998;1748
10;382.736;-341.81;1734.5
12;410.603;-781.411;1576.51
3;433.635;113.136;1847.19
8;272.687;-120.29;1806.83
0;266.848;314.956;1930.05
4;-23.6142;326.263;1790.28
13;18.8247;-1205.4;1456.17
6;223.901;501.565;1749.97
9;168.923;-352.471;1760.41
11;92.4023;-787.297;1605.31
2;106.18;97.6643;1885.73
1;269.932;105.099;1865.71
5;561.455;309.246;1733.26
14;436.03;-1205.64;1425.64
7;306.043;477.133;1747.16
10;383.094;-342.747;1734.22
12;410.081;-782.653;1576.91
3;433.684;112.534;1845.69
8;272.97;-121.255;1806.52
0;266.643;314.313;1929.01
4;-32.1757;320.965;1790.37
13;13.3602;-1206.81;1460.04
6;215.914;496.151;1753.32
9;169.176;-353.751;1760.98
11;89.7407;-788.646;1607.56
2;106.2;96.6346;1885.29
1;269.955;104.097;1865.29
5;570.117;308.844;1734.13
14;436.966;-1205.51;1422.56
7;313.513;475.039;1746.23
10;383.352;-343.99;1734.83
12;410.685;-783.196;1575.63
3;433.709;111.56;1845.29
8;273.109;-122.387;1806.6
0;267.092;315.137;1928.5
4;-44.5275;312.647;1792.6
13;11.2815;-1206.26;1459.71
6;203.208;488.661;1757.08
9;170.061;-353.844;1760.98
11;89.1148;-788.41;1607.39
2;106.919;96.6928;1884.65
1;270.72;104.093;1865.01
5;575.334;307.613;1734.18
14;433.252;-1206.01;1423.17
7;321.718;478.299;1745.82
10;384.298;-344.166;1735.29
12;409.255;-783.538;1576.17
3;434.522;111.493;1845.37
8;273.95;-122.456;1806.57
0;267.228;314.488;1928.25
4;-55.9082;303.652;1793.97
13;7.89356;-1207.56;1463.17
6;189.39;483.204;1759.46
9;170.652;-354.299;1759.88
11;87.6772;-789.293;1608.61
2;107.198;96.2767;1883.25
1;271.061;103.646;1864.12
5;580.154;304.053;1734.58
14;432.137;-1206.38;1422.08
7;329.918;479.662;1745.32
10;384.968;-344.661;1734.86
12;409.015;-783.966;1575.4
3;434.924;111.015;1844.99
8;274.436;-122.917;1805.75
0;266.929;313.877;1928.63
4;-68.1912;296.276;1796.45
13;7.31305;-1208.65;1463.97
6;175.742;477.914;1763.13
9;171.403;-355.054;1759.01
11;87.7493;-790.219;1608.6
2;107.743;95.4677;1882.48
1;271.688;102.74;1864.04
5;591.248;299.191;1737.04
14;430.223;-1207.47;1422.29
7;342.288;476.823;1741.56
10;385.827;-345.543;1734.9
12;408.46;-784.957;1575.53
3;435.633;110.013;1845.6
8;275.151;-123.779;1805.5
0;267.028;314.61;1928.31
4;-79.783;287.233;1798.92
13;8.16232;-1208.67;1462.91
6;159.532;475.007;1766.91
9;171.479;-355.183;1758.72
11;88.2195;-790.293;1607.91
2;107.613;95.4489;1881.68
1;271.639;102.597;1863.93
5;578.123;311.095;1736.03
14;430.103;-1207.49;1422.09
7;332.005;489.022;1734.83
10;386.009;-345.833;1735.51
12;408.488;-785.109;1575.72
3;435.665;109.745;1846.17
8;275.192;-123.955;1805.52
0;266.937;313.566;1928.16
4;-69.8929;296.618;1794.45
13;7.61146;-1210.19;1466.18
6;165.492;489.179;1770.47
9;171.39;-355.407;1757.95
11;87.8952;-791.179;1609.21
2;107.403;95.247;1880.76
1;271.493;102.291;1863.56
5;562.062;332.046;1733.52
14;430.038;-1207.77;1421.8
7;316.056;510.305;1724.8
10;386.003;-346.194;1735.46
12;408.453;-785.427;1575.55
3;435.583;109.336;1846.37
8;275.095;-124.255;1805.13
0;267.1;314.403;1928.08
4;-61.4478;313.309;1789.22
13;5.46863;-1209.05;1467.31
6;167.315;514.581;1774.85
9;171.649;-354.317;1757.86
11;86.9298;-790.066;1609.74
2;107.137;96.3614;1880.31
1;271.323;103.344;1864.04
5;558.03;347.022;1730.77
14;428.874;-1205.84;1420.21
7;313.435;528.159;1715.01
10;386.388;-345.184;1736.58
12;408.047;-783.948;1575.3
3;435.508;110.327;1847.77
8;275.171;-123.203;1805.63
0;266.854;314.832;1928.02
4;-62.7459;321.148;1785.58
13;12.9077;-1208.5;1462.32
6;159.419;530.404;1776.42
9;171.925;-354.253;1758.14
11;90.8572;-789.754;1607.33
2;106.97;96.4587;1880.23
1;271.169;103.545;1864.13
5;562.495;350.524;1728.88
14;429.012;-1206.01;1421.7
7;323.637;537.971;1699.99
10;386.682;-344.985;1737.09
12;408.262;-783.94;1576.3
3;435.369;110.631;1848.03
8;275.236;-123.037;1805.87
0;267.622;314.91;1928.51
4;-73.8779;317.073;1785.28
13;14.162;-1209.03;1462.26
6;136.391;538.196;1769.64
9;172.462;-354.477;1757.68
11;91.7601;-790.13;1607.07
2;107.102;96.1883;1879.72
1;271.349;103.293;1864.12
5;571.245;349.262;1728.45
14;430.29;-1206.65;1423.19
7;337.527;539.716;1684.07
10;387.281;-345.185;1737.28
12;409.207;-784.365;1577.16
3;435.596;110.398;1848.53
8;275.61;-123.269;1805.8
0;267.343;316.831;1923.25
4;-87.4371;311.536;1787.14
13;17.5903;-1204.57;1451.77
6;113.317;539.882;1762.04
9;172.491;-355.044;1762.65
11;93.5219;-788.136;1604.16
2;107.158;97.0465;1879.18
1;271.392;103.982;1863.36
5;583.123;344.133;1727.72
14;431.516;-1203.08;1416.55
7;357.507;540.31;1671
10;387.293;-345.973;1741.96
12;409.838;-782.928;1576.06
3;435.627;110.918;1847.54
8;275.642;-123.263;1807.83
0;266.123;320.6;1920.62
4;-99.7195;306.27;1787.06
13;17.0326;-1201.61;1451.3
6;91.1122;542.684;1755.15
9;171.942;-353.424;1766.02
11;92.9686;-785.833;1605.57
2;106.407;99.4497;1879.38
1;270.657;106.307;1863.69
5;593.561;340.067;1727.36
14;431.923;-1198.95;1413.38
7;376.658;544.241;1665.1
10;386.765;-344.455;1745.5
12;409.787;-780.079;1576.18
3;434.907;113.164;1848
8;275.005;-121.316;1809.73
0;265.905;319.593;1914.81
4;-110.853;299.132;1789.53
13;13.8923;-1201.19;1450.57
6;68.7329;543.609;1749.61
9;170.474;-354.833;1769.45
11;90.6482;-786.311;1606.88
2;106.312;99.239;1878.68
1;270.495;105.634;1862.14
5;606.786;331.037;1727.67
14;433.467;-1197.38;1407.09
7;401.822;543.167;1655.51
10;385.21;-346.469;1747.82
12;409.811;-780.267;1574.12
3;434.678;112.029;1845.61
8;274.169;-122.509;1810.39
0;265.286;321.824;1912.4
4;-122.423;289.068;1791.76
13;22.0712;-1197.4;1440.05
6;44.5025;541.007;1743.5
9;169.043;-354.462;1771.96
11;94.1163;-784.195;1602.75
2;105.787;100.311;1878.83
1;269.944;106.371;1861.9
5;617.396;325.019;1726.83
14;437.725;-1195.46;1404.98
7;419.463;542.94;1647.29
10;383.744;-346.535;1749.81
12;411.264;-779.32;1574.02
3;434.1;112.432;1844.97
8;273.169;-122.064;1811.39
0;264.049;321.539;1911.19
4;-132.212;283.536;1791.37
13;25.4461;-1195.77;1433.56
6;24.4509;542.503;1739.49
9;168.877;-355.32;1773.37
11;95.7553;-783.782;1600.13
2;105.442;99.7698;1878.82
1;269.592;105.852;1861.83
5;627.697;319.012;1726.4
14;435.879;-1195;1402.81
7;441.72;545.718;1640.49
10;383.569;-347.364;1751.14
12;410.237;-779.49;1573.56
3;433.742;111.935;1844.83
8;272.907;-122.745;1812.04
0;262.595;320.903;1911.6
4;-142.111;273.762;1795.19
13;24.9101;-1197.87;1435.63
6;-2.81046;541.933;1734.51
9;169.169;-356.015;1771.72
11;95.6251;-785.197;1600.38
2;104.412;98.6146;1878.37
1;268.592;105.122;1861.83
5;633.843;315.509;1725.71
14;434.907;-1195.83;1403.2
7;455.464;546.775;1635.38
10;383.9;-347.503;1750.09
12;409.903;-779.982;1573.24
3;432.771;111.63;1845.29
8;272.563;-123.318;1811.37
0;262.487;320.812;1910.8
4;-153.056;263.38;1797.09
13;14.7521;-1200.3;1444
6;-25.3192;537.306;1731.98
9;169.08;-356.418;1770.21
11;90.4032;-786.632;1603.9
2;104.198;98.049;1877.49
1;268.445;104.482;1861.6
5;643.423;308.754;1726.87
14;435.886;-1195.25;1400.04
7;476.296;543.979;1628.35
10;383.899;-348.004;1749.43
12;410.402;-779.932;1571.31
3;432.693;110.916;1845.72
8;272.468;-123.864;1810.71
0;261.926;321.042;1909.9
4;-162.037;252.685;1799.54
13;17.8682;-1200.46;1442.74
6;-49.1644;532.736;1728.13
9;169.776;-356.315;1769.6
11;92.333;-786.662;1602.97
2;103.674;97.9782;1876.89
1;267.956;104.742;1861.5
5;651.703;302.881;1724.44
14;433.413;-1195.3;1401.05
7;490.561;540.273;1620.36
10;384.64;-347.469;1749.48
12;409.505;-779.698;1571.85
3;432.237;111.506;1846.12
8;272.582;-123.575;1810.52
0;261.545;319.788;1909.45
4;-168.017;247.346;1800.26
13;22.258;-1200.2;1439.84
6;-72.7059;532.135;1721.83
9;169.26;-356.353;1769.76
11;94.3178;-786.547;1601.56
2;103.34;98.037;1876.76
1;267.669;104.627;1861.81
5;659.854;289.437;1724.23
14;433.559;-1195.43;1401.52
7;510.895;530.911;1614.8
10;384.187;-347.733;1750.21
12;409.357;-779.894;1572.45
3;431.999;111.217;1846.87
8;272.196;-123.708;1810.9
0;261.952;317.539;1909.72
4;-172.515;239.168;1801.63
13;23.3697;-1200.26;1434.38
6;-99.4766;528.243;1715.61
9;169.771;-358.185;1769.1
11;95.1348;-787.476;1598.46
2;103.027;95.9713;1876.58
1;267.391;102.769;1862.12
5;672.922;274.221;1725.13
14;432.296;-1196.82;1400.82
7;530.865;519.133;1613.57
10;384.743;-349.294;1750.19
12;408.986;-781.366;1572.08
3;431.755;109.567;1847.66
8;272.324;-125.485;1810.88
0;262.233;316.032;1909.36
4;-180.752;228.09;1801.31
13;28.6115;-1200.38;1429.53
6;-126.625;520.758;1711.72
9;167.598;-359.033;1769.14
11;96.7422;-787.954;1596.01
2;102.748;95.5221;1876.08
1;267.161;101.563;1861.86
5;680.967;258.106;1726.06
14;439.878;-1197.21;1399.26
7;548.424;506.781;1610.31
10;382.635;-351.132;1750.55
12;411.818;-782.466;1571.46
3;431.575;107.604;1847.64
8;271.139;-126.759;1810.85
0;261.657;316.816;1909.18
4;-188.87;219.051;1799.65
13;29.2764;-1202.62;1434.64
6;-151.506;514.366;1707.18
9;165.612;-358.787;1769.15
11;96.1075;-788.974;1598.62
2;101.541;95.9272;1875.89
1;266.008;101.576;1862.14
5;687.991;247.047;1724.04
14;440.867;-1195.76;1396.22
7;563.265;494.322;1596.06
10;380.719;-351.398;1751.16
12;411.383;-781.858;1570.21
3;430.476;107.226;1848.38
8;269.587;-126.758;1811.15
0;260.362;315.912;1904.59
4;-193.938;213.028;1796.82
13;28.2885;-1201.62;1431.08
6;-176.898;510.395;1700.62
9;165.296;-360.458;1771.98
11;95.449;-789.286;1598.19
2;100.707;95.1161;1874.59
1;265.214;100.722;1861.28
5;698.492;227.022;1721.52
14;440.284;-1192.91;1388.99
7;586.56;477.209;1587.67
10;380.454;-353.125;1754.57
12;410.955;-781.249;1568.19
3;429.72;106.329;1847.96
8;269.044;-128.034;1812.27
0;258.613;318.47;1906.8
4;-202.965;200.015;1793.42
13;35.4712;-1200.18;1427.73
6;-202.811;497.987;1696.04
9;163.278;-358.897;1771.83
11;98.1217;-787.784;1596.41
2;99.1286;96.5305;1875.4
1;263.658;101.965;1862.29
5;708.251;203.506;1721.77
14;443.55;-1192.77;1392.71
7;609.339;454.884;1580.28
10;378.466;-351.79;1754.69
12;411.646;-780.522;1570.15
3;428.187;107.399;1849.18
8;267.265;-126.689;1812.77
0;258.648;321.166;1903.89
4;-212.979;182.511;1789.7
13;38.7934;-1197.9;1424.92
6;-225.935;479.271;1689.31
9;162.391;-358.078;1774.12
11;99.3804;-786.221;1596.1
2;99.1197;97.9543;1875.54
1;263.643;103.048;1862.23
5;717.629;176.753;1720.88
14;445.335;-1190.41;1390.6
7;630.507;430.655;1576.17
10;377.571;-351.416;1756.71
12;412.118;-779.14;1570.07
3;428.167;108.141;1848.92
8;266.812;-125.85;1813.82
0;258.658;320.797;1901.44
4;-217.98;158.765;1788.84
13;41.1396;-1197.81;1421.79
6;-246.991;452.485;1684.44
9;160.991;-358.78;1774.22
11;99.8902;-786.522;1594.55
2;98.9445;97.6197;1874.76
1;263.483;102.24;1861.46
5;721.824;148.87;1718.43
14;448.333;-1190.56;1388.84
7;649.552;404.123;1569.76
10;376.191;-352.737;1756.83
12;412.969;-779.86;1569.23
3;428.022;106.86;1848.17
8;266.037;-126.759;1813.5
0;259.544;321.207;1900.72
4;-221.475;127.391;1786.43
13;44.1082;-1196.98;1420.23
6;-264.731;418.816;1679.02
9;159.94;-358.189;1774.6
11;100.889;-785.81;1593.94
2;98.9413;98.3598;1875.11
1;263.461;102.67;1861.49
5;723.426;114.427;1720.21
14;452.661;-1190.11;1389.29
7;668.195;370.411;1565.85
10;375.117;-352.551;1756.78
12;414.649;-779.543;1569.43
3;427.982;106.981;1847.86
8;265.495;-126.35;1813.59
0;259.982;323.582;1900.36
4;-218.736;89.1947;1784.72
13;41.9882;-1194.98;1420.95
6;-275.576;377.522;1676.15
9;160.311;-356.915;1776.26
11;99.9894;-784.162;1595.12
2;99.4386;99.6832;1876.64
1;263.867;104.15;1862.03
5;721.713;79.7146;1719.1
14;452.652;-1188.83;1390
7;680.573;334.844;1559.61
10;375.367;-351.073;1757.15
12;414.767;-778.163;1569.97
3;428.296;108.616;1847.41
8;265.853;-124.922;1814.37
0;260.878;324.894;1896.17
4;-211.367;46.0972;1784.35
13;38.5274;-1193.39;1420.38
6;-281.726;328.522;1667.69
9;161.838;-356.699;1777.2
11;98.9739;-783.248;1595.29
2;100.816;100.351;1875.39
1;265.21;104.874;1860.39
5;715.358;45.3595;1718.54
14;447.703;-1186.3;1384.2
7;681.996;296.793;1549.96
10;376.849;-350.783;1757.59
12;412.971;-776.733;1567.23
3;429.604;109.398;1845.39
8;267.277;-124.433;1813.89
0;262.349;319.993;1898.09
4;-195.177;1.54555;1787.17
13;39.4378;-1200.34;1424.1
6;-281.968;269.84;1654.37
9;160.709;-359.48;1771.58
11;98.8842;-788.154;1594.43
2;101.038;96.955;1873.32
1;265.518;100.939;1859.17
5;704.685;4.18253;1724.78
14;449.779;-1192.88;1387.32
7;684.764;246.112;1543.68
10;375.833;-354.27;1753.06
12;413.531;-781.797;1566.61
3;429.999;104.923;1845.01
8;266.895;-127.968;1810.74
0;264.69;319.611;1899.05
4;-173.578;-39.7212;1790.09
13;38.4095;-1200.76;1424.09
6;-272.964;208.626;1638.22
9;160.977;-359.706;1770.76
11;98.4915;-788.476;1594.03
2;102.369;96.7432;1873.1
1;266.867;100.346;1859.02
5;691.353;-33.9171;1730.9
14;446.999;-1194.52;1388.04
7;676.494;192.742;1532.22
10;376.124;-354.993;1752.35
12;412.256;-782.99;1566.62
3;431.364;103.95;1844.94
8;267.708;-128.501;1810.29
0;265.187;319.418;1899.03
4;-152.285;-73.3589;1797.05
13;34.152;-1202.29;1428.64
6;-242.456;146.142;1613.18
9;159.626;-359.701;1770.49
11;95.6591;-789.256;1596.21
2;102.49;96.7646;1873.61
1;266.918;100.045;1858.68
5;673.68;-64.9614;1734.95
14;450.811;-1194.24;1386.09
7;659.605;146.948;1523.98
10;374.683;-355.41;1750.97
12;413.493;-783.048;1564.95
3;431.347;103.325;1843.75
8;267.036;-128.755;1809.71
0;266.941;318.619;1900.01
4;-132.14;-100.178;1803.53
13;31.781;-1201.48;1427.46
6;-214.383;85.1032;1589.04
9;159.36;-359.628;1770.38
11;94.3197;-788.809;1595.56
2;103.532;96.8148;1874.32
1;267.909;99.787;1858.77
5;654.842;-89.983;1740.97
14;452.364;-1194.1;1384.45
7;631.424;103.316;1517.66
10;374.348;-355.741;1750.04
12;414.121;-783.141;1563.66
3;432.285;102.759;1843.21
8;267.381;-128.949;1809.49
0;267.895;324.112;1899.51
4;-113.566;-119.59;1806.77
13;38.548;-1195.4;1420.44
6;-183.094;28.0081;1562.28
9;158.619;-356.674;1773.39
11;97.4064;-784.258;1593.45
2;104.051;100.307;1875.6
1;268.358;102.929;1859.27
5;636.424;-109.491;1743.48
14;452.815;-1190.05;1383.15
7;605.497;74.8314;1512.77
10;373.516;-353.244;1752.03
12;413.943;-779.85;1563.97
3;432.664;105.551;1842.94
8;267.213;-126.015;1810.99
0;269.992;325.869;1900.25
4;-94.2798;-132.295;1808.39
13;36.1683;-1193.3;1421.45
6;-145.581;-14.4026;1542.71
9;158.879;-355.356;1775.45
11;96.3206;-782.544;1594.98
2;105.291;101.795;1877.44
1;269.49;104.28;1860.05
5;619.714;-122.745;1738.74
14;496.915;-1182.34;1383.72
7;579.061;61.5241;1507.92
10;373.635;-352.106;1752.71
12;436.484;-775.363;1564.6
3;433.688;106.765;1842.66
8;267.873;-124.726;1812.07
0;273.422;325.321;1900.62
4;-75.637;-140.643;1801.69
13;33.4807;-1192.23;1421.64
6;-107.817;-43.1476;1524.27
9;160.293;-355.214;1776.44
11;95.6438;-781.928;1595.56
2;108.243;102.342;1877.4
1;272.496;104.145;1860.44
5;604.36;-128.376;1731.87
14;472.081;-1184.87;1381.07
7;550.007;57.0494;1504.85
10;375.121;-352.856;1754.26
12;424.551;-777.021;1564.01
3;436.75;105.947;1843.49
8;270.102;-124.945;1812.9
0;277.7;322.542;1899.81
4;-62.3141;-145.818;1793.34
13;32.045;-1194.02;1423.2
6;-75.1864;-49.8533;1512.01
9;160.347;-356.312;1775.88
11;94.9383;-783.378;1596.08
2;110.803;101.525;1876.81
1;275.095;102.363;1860.16
5;592.185;-129.191;1721.43
14;459.193;-1187.84;1378.23
7;528.506;64.9846;1505.75
10;375.225;-355.217;1754.1
12;418.032;-779.694;1562.48
3;439.387;103.2;1843.51
8;271.441;-126.701;1812.57
0;279.477;321.339;1899.4
4;-53.6547;-144.406;1784.67
13;32.8571;-1196.2;1424.87
6;-56.3956;-40.6969;1505.27
9;158.492;-357.366;1775.83
11;94.4427;-785.007;1596.91
2;111.776;100.973;1875.81
1;276.115;100.664;1859.63
5;588.594;-125.597;1714.71
14;456.979;-1188.78;1374.48
7;511.41;76.4262;1510.27
10;373.43;-357.769;1754.67
12;416.024;-781.421;1560.85
3;440.453;100.356;1843.45
8;271.038;-128.452;1812.44
0;280.188;321.27;1899.2
4;-49.826;-141.7;1771.83
13;32.5004;-1198;1428.46
6;-49.237;-13.8181;1502.76
9;157.574;-357.549;1775.74
11;93.8109;-786.012;1598.7
2;112.101;101.098;1874.9
1;276.501;100.182;1859.36
5;590.299;-114.801;1705.86
14;457.571;-1189.21;1374.02
7;503.675;98.4518;1513.5
10;372.592;-358.747;1755.42
12;415.915;-782.121;1560.98
3;440.9;99.2665;1843.82
8;270.792;-128.983;1812.47
0;281.374;320.203;1899.6
4;-51.9091;-138.848;1758.41
13;36.3841;-1199.35;1431.1
6;-46.8269;24.3605;1511.49
9;155.442;-356.959;1775.73
11;94.7457;-786.414;1600.03
2;111.659;101.757;1875.33
1;276.102;100.142;1860.31
5;594.653;-93.4026;1693.93
14;458.573;-1189.75;1375.69
7;504.116;129.198;1515.83
10;370.517;-359.072;1756.09
12;415.408;-782.557;1562.16
3;440.545;98.5268;1845.29
8;269.541;-128.937;1813.11
0;282.081;320.777;1899.3
4;-58.4555;-129.422;1753.2
13;43.2266;-1198.3;1428.32
6;-51.047;65.0734;1530.5
9;154.623;-356.389;1776.6
11;97.8327;-785.6;1599.05
2;111.753;102.739;1874.7
1;276.266;100.57;1860.55
5;603.826;-73.7027;1688.46
14;460.994;-1188.81;1375.97
7;509.033;158.556;1524.16
10;369.791;-359.225;1758.1
12;416.286;-782.15;1563.29
3;440.78;98.4006;1846.41
8;269.237;-128.619;1813.95
0;280.802;319.562;1896.15
4;-69.7337;-114.206;1748.1
13;41.5527;-1200.15;1431.03
6;-65.731;106.503;1551.1
9;154.262;-357.229;1776.51
11;96.8024;-786.952;1600.39
2;111.179;102.471;1871.79
1;275.818;99.9576;1859.32
5;612.907;-53.3555;1685.23
14;462.494;-1188.31;1374.6
7;523.119;187.879;1531.59
10;369.594;-360.516;1760.21
12;416.954;-782.529;1563.63
3;440.457;97.4441;1846.86
8;268.873;-129.457;1813.84
0;280.785;318.848;1893.57
4;-83.3688;-97.6004;1747.04
13;46.1539;-1200.16;1426.69
6;-84.874;140.66;1572.98
9;153.903;-358.224;1776.1
11;98.9722;-787.448;1597.97
2;110.802;101.82;1869.7
1;275.506;99.0913;1858.14
5;625.951;-37.1793;1687.12
14;507.878;-1181.49;1374.51
7;542.147;210.485;1538.59
10;369.321;-361.793;1760.98
12;439.958;-779.676;1563.96
3;440.211;96.3626;1846.58
8;268.559;-130.459;1813.34
0;280.381;318.688;1891.78
4;-95.1872;-84.7985;1753.51
13;48.7526;-1199.88;1425.23
6;-103.306;165.201;1592.61
9;154.032;-358.434;1776.62
11;100.36;-787.406;1597.48
2;110.463;101.934;1868.4
1;275.207;99.2293;1857.35
5;638.473;-31.5894;1694.56
14;487.741;-1184.28;1373.66
7;566.875;223.207;1552.36
10;369.501;-361.971;1762.18
12;429.78;-781.189;1564.11
3;439.951;96.5245;1846.31
8;268.487;-130.487;1813.38
0;277.389;321.745;1890.88
4;-108.595;-75.9013;1761.25
13;52.3542;-1196.98;1423.3
6;-124.134;179.028;1606.92
9;152.884;-356.434;1778.21
11;101.634;-784.945;1597.28
2;107.94;104.093;1868.5
1;272.67;101.91;1857.12
5;648.234;-29.2908;1704.77
14;481.427;-1182.99;1375.28
7;591.614;229.655;1564.1
10;368.335;-359.29;1763.32
12;425.99;-779.215;1565.5
3;437.401;99.7262;1845.74
8;266.64;-127.976;1813.95
0;275.233;321.737;1885.94
4;-118.793;-71.4541;1772.12
13;45.9724;-1197.96;1426.74
6;-145.32;184.625;1618.41
9;152.327;-357.519;1780.16
11;98.1068;-785.982;1599.99
2;106.736;103.475;1867.67
1;271.399;101.635;1855.31
5;657.621;-33.1407;1716.38
14;475.565;-1182.5;1371.67
7;621.26;227.492;1571.22
10;367.689;-359.926;1764
12;422.684;-779.279;1563.99
3;436.061;99.7949;1842.96
8;265.703;-128.544;1813.7
0;274.58;318.882;1878.96
4;-125.89;-72.2322;1782.56
13;51.057;-1196.31;1414.99
6;-169.008;179.569;1624.28
9;152.362;-360.691;1780.88
11;100.717;-786.693;1594.35
2;106.101;100.855;1865.02
1;270.668;99.3804;1851.44
5;666.318;-41.5643;1730.19
14;471.843;-1185.33;1369.82
7;651.9;218.854;1579.34
10;367.6;-362.619;1763.12
12;420.744;-782.039;1562.61
3;435.235;97.9061;1837.85
8;265.325;-131.137;1811.72
0;272.202;321.581;1875.48
4;-129.446;-80.617;1797.27
13;49.0079;-1193.12;1411.17
6;-190.398;161.039;1630.09
9;153.278;-360.325;1782.72
11;100.121;-784.886;1593.3
2;105.146;101.663;1863.27
1;269.712;100.766;1849.6
5;672.658;-54.2799;1741.59
14;466.694;-1182.27;1365.92
7;679.099;201.32;1580.92
10;368.515;-361.498;1764.84
12;418.567;-779.931;1561.47
3;434.279;99.8687;1835.93
8;265.305;-130.073;1811.69
0;271.727;321.991;1869.73
4;-124.723;-92.3091;1813.13
13;47.975;-1193.07;1410.44
6;-202.266;134.705;1632.27
9;154.158;-361.133;1783.46
11;100.025;-785.259;1593.29
2;104.987;101.32;1860.65
1;269.544;100.718;1846.83
5;677.328;-70.1377;1751.79
14;461.17;-1181.24;1361.93
7;705.32;173.91;1575.8
10;369.383;-361.92;1765.38
12;416.176;-779.611;1559.7
3;434.101;100.117;1833
8;265.657;-130.404;1810.62
0;272.793;321.297;1866.86
4;-118.861;-108.656;1828.07
13;37.7579;-1194.58;1413.66
6;-218.947;96.0933;1632.99
9;155.885;-362.753;1783.17
11;95.6634;-786.824;1594.79
2;106.447;99.7929;1859.71
1;270.935;99.3925;1845.08
5;676.164;-90.5661;1764.39
14;456.315;-1182.31;1358.55
7;732.125;133.594;1571.17
10;371.019;-363.277;1764.03
12;414.503;-780.824;1557.32
3;435.422;98.9921;1830.45
8;267.193;-131.811;1809.34
0;272.652;321.908;1864.93
4;-110.929;-124.83;1840.03
13;34.8526;-1194.71;1413.96
6;-232.451;51.3098;1629.58
9;156.506;-363.301;1783.4
11;94.4868;-787.155;1595.06
2;106.603;99.2488;1859.65
1;270.962;99.2139;1843.68
5;671.083;-115.781;1779.69
14;457.258;-1184.95;1362.31
7;753.197;80.691;1568.15
10;371.471;-363.347;1762.5
12;415.205;-782.201;1558.48
3;435.321;99.179;1827.7
8;267.475;-132.055;1808.31
0;273.482;322.146;1863.96
4;-76.5495;-173.603;1871.32
13;35.388;-1193.85;1410.51
6;-214.072;-10.7605;1656.9
9;155.46;-364.028;1784.06
11;94.2466;-787.073;1593.62
2;105.965;98.5993;1860.14
1;270.262;98.512;1843.52
5;663.543;-140.891;1792.83
14;460.183;-1184.26;1359.96
7;764.144;27.6545;1565.07
10;370.344;-364.142;1762.32
12;416.145;-782.243;1557.2
3;434.559;98.4248;1826.9
8;266.582;-132.786;1808.35
0;272.433;323.987;1863.48
4;-44.6788;-195.619;1887.66
13;35.9787;-1191.23;1406.11
6;-201.921;-64.4965;1665.96
9;155.218;-364.169;1785.97
11;94.4292;-785.81;1592.32
2;105.057;98.5337;1861.14
1;269.257;98.7901;1843.6
5;651.771;-163.942;1802.91
14;460.518;-1182.9;1358.64
7;769.731;-25.4276;1562.22
10;369.976;-363.834;1763.02
12;416.135;-781.398;1556.87
3;433.458;99.0466;1826.06
8;265.927;-132.606;1809.05
0;273.533;326.288;1863.23
4;-13.9405;-207.432;1899.11
13;36.1599;-1188.54;1405.25
6;-186.03;-111.427;1671.03
9;154.813;-363.059;1788.76
11;94.3232;-783.894;1593.24
2;105.742;100.113;1861.7
1;269.904;99.9523;1843.78
5;636.389;-182.972;1809.45
14;458.814;-1178.45;1352.96
7;764.177;-82.2582;1553.79
10;369.521;-363.269;1765.32
12;415.043;-778.85;1555.1
3;434.066;99.7919;1825.86
8;266.036;-131.606;1810.41
0;273.206;323.014;1862.62
4;-0.724808;-213.347;1895.71
13;41.539;-1187.54;1397.06
6;-177.904;-154.092;1659.3
9;154.474;-365.45;1789.36
11;96.899;-784.552;1589.36
2;105.551;97.5746;1863.36
1;269.492;97.6763;1843.6
5;614.693;-197.486;1819.72
14;461.882;-1181.94;1354.82
7;746.748;-134.334;1552.2
10;368.893;-365.317;1763.52
12;416.299;-781.634;1555.16
3;433.434;97.778;1823.84
8;265.588;-133.854;1810.02
0;273.856;323.09;1862.8
4;5.5568;-216.129;1885.56
13;38.2667;-1186.98;1397.64
6;-165.243;-195.402;1638.63
9;155.236;-365.823;1790.78
11;95.6045;-784.452;1590.36
2;106.183;97.2305;1864.53
1;270.077;97.4305;1844.33
5;593.844;-211.24;1825.34
14;458.868;-1181.49;1353.43
7;717.557;-177.454;1545.16
10;369.593;-365.561;1764.36
12;415.106;-781.524;1554.87
3;433.971;97.6306;1824.14
8;266.246;-134.131;1810.95
0;274.3;323.538;1867.4
4;4.5497;-204.717;1870.35
13;33.3015;-1186.63;1401.91
6;-145.17;-225.848;1611.69
9;157.419;-364.825;1791.46
11;94.1432;-783.786;1592.87
2;107.042;98.0138;1865.66
1;271.094;98.5025;1846.81
5;576.422;-219.618;1826.18
14;453.731;-1179.15;1352.47
7;679.331;-209.63;1531.96
10;371.983;-364.186;1766.82
12;413.658;-779.659;1555.58
3;435.147;98.9912;1827.97
8;267.898;-133.002;1812.98
0;274.953;325.709;1873.71
4;-9.2182;-205.365;1848.68
13;35.9336;-1184.42;1401.42
6;-123.92;-249.295;1572.95
9;159.703;-362.481;1790.89
11;96.6048;-781.506;1592.34
2;108.076;99.9261;1866.85
1;272.343;100.618;1850.07
5;567.218;-224.805;1821.1
14;449.523;-1176.64;1353.5
7;631.164;-226.225;1514.65
10;374.548;-361.575;1768.94
12;412.77;-777.097;1557.15
3;436.61;101.311;1833.29
8;269.734;-130.705;1814.99
0;279.032;328.149;1883.35
4;-17.5937;-210.692;1834.33
13;38.0023;-1185.24;1410.85
6;-95.846;-256.245;1544.67
9;159.117;-357.885;1789.35
11;97.3724;-779.675;1596.39
2;110.021;103.852;1870.63
1;274.439;103.583;1855.39
5;564.626;-225.392;1816.55
14;450.026;-1175.28;1358.01
7;583.583;-229.542;1504.66
10;374.159;-358.238;1769.42
12;412.836;-774.768;1559.68
3;438.856;103.314;1840.15
8;270.538;-127.239;1817.39
0;281.085;328.193;1886.67
4;-16.2924;-212.346;1824.66
13;41.0024;-1185.64;1413.22
6;-59.1753;-243.154;1525.01
9;158.166;-356.401;1788.92
11;98.4354;-779.151;1597.38
2;110.997;105.396;1871.11
1;275.52;104.267;1857.07
5;559.818;-222.696;1809.28
14;451.94;-1174.28;1358.36
7;542.507;-207.414;1499.04
10;373.345;-357.877;1770.55
12;413.413;-774.082;1560.41
3;440.043;103.138;1843.03
8;270.638;-126.436;1818.4
0;281.62;324.059;1888.34
4;-15.6444;-208.674;1812.33
13;35.9851;-1189.44;1415.38
6;-28.6109;-212.942;1510.56
9;158.68;-359.281;1787.29
11;96.1298;-782.498;1597.69
2;111.287;102.417;1869.98
1;275.926;101.141;1857.36
5;552.911;-210.347;1790.64
14;451.943;-1177.2;1358.13
7;505.394;-167.766;1492.98
10;374.011;-360.95;1770.78
12;413.741;-777.075;1560.41
3;440.564;99.8651;1844.74
8;271.136;-129.487;1818.2
0;279.537;322.798;1889.17
4;-12.827;-197.841;1796.66
13;37.4734;-1190.86;1412.99
6;-2.21468;-178.58;1500.28
9;160.303;-361.545;1786.79
11;97.6839;-784.331;1596.23
2;110.313;99.8496;1869.67
1;275.013;99.3815;1857.76
5;545.451;-198.17;1766.83
14;490.108;-1175.69;1363.38
7;478.419;-116.697;1491.72
10;375.714;-362.157;1771.22
12;434.032;-776.9;1563.3
3;439.713;98.9135;1845.85
8;271.511;-131.235;1818.38
0;278.968;318.386;1889.59
4;-21.4121;-186.924;1782.83
13;35.6549;-1196.93;1416.93
6;12.5774;-133.934;1497.54
9;161.383;-365.03;1783.92
11;97.2862;-789.134;1596.83
2;110.23;95.9384;1868.45
1;275;95.756;1857.52
5;549.727;-186.583;1753.92
14;471.277;-1182.8;1364.35
7;467.325;-71.3454;1497.62
10;376.886;-365.269;1769.63
12;425.007;-782.051;1563.02
3;439.77;95.5735;1846.6
8;272.067;-134.697;1817.15
0;279.581;317.009;1890.3
4;-28.2049;-179.963;1772.41
13;35.6224;-1197.76;1417.62
6;18.4115;-87.1781;1499.26
9;162.485;-365.539;1783.54
11;97.8099;-789.81;1596.99
2;111.131;95.369;1868.3
1;275.981;95.035;1858.67
5;555.865;-174.791;1745.46
14;460.916;-1185.24;1366.11
7;464.771;-28.656;1509.61
10;378.092;-365.976;1770.94
12;420.316;-783.641;1564.55
3;440.831;94.7011;1849.04
8;273.135;-135.361;1817.95
0;278.083;318.437;1891.65
4;-41.1023;-170.481;1763.2
13;34.9724;-1197.98;1421.14
6;16.6328;-37.2353;1511.42
9;162.2;-364.431;1783.92
11;97.3391;-789.377;1598.97
2;110.81;96.4074;1869.06
1;275.698;95.9843;1860.04
5;566.933;-162.397;1742.24
14;454.468;-1184.59;1366.38
7;473.068;9.16461;1520.55
10;377.858;-364.985;1772.12
12;416.914;-782.824;1565.27
3;440.586;95.5611;1851.02
8;272.864;-134.362;1819.03
0;278.059;318.783;1891.32
4;-52.0543;-163.238;1760.6
13;33.5034;-1197.74;1423.07
6;8.59388;4.64514;1529.75
9;163.149;-364.371;1785.42
11;97.0551;-789.225;1600.7
2;111.504;96.8111;1868.52
1;276.448;96.2428;1860.63
5;575.963;-148.701;1743.62
14;450.952;-1182.46;1363.84
7;490.662;46.7297;1537.25
10;378.88;-365.114;1775.1
12;415.623;-781.8;1565.44
3;441.393;95.6746;1852.74
8;273.731;-134.25;1820.45
0;277.896;319.578;1890.66
4;-57.5308;-161.116;1768.8
13;28.5822;-1198.61;1428.35
6;-9.12037;34.0033;1555.44
9;163.676;-363.991;1785.75
11;94.8046;-789.481;1603.54
2;111.764;97.4999;1866.94
1;276.778;96.6761;1860.92
5;590.478;-136.853;1750.81
14;449.421;-1179.75;1360.89
7;509.568;76.0279;1556.24
10;379.499;-365.068;1777.87
12;415.145;-780.395;1565.29
3;441.793;95.8523;1854.89
8;274.183;-133.927;1821.36
0;275.148;321.192;1892.83
4;-64.7735;-153.065;1777.4
13;32.6014;-1198.23;1430.61
6;-27.8411;59.17;1576.39
9;162.658;-361.807;1785.64
11;96.3546;-788.219;1604.65
2;108.985;99.2577;1868.09
1;274.007;99.08;1862.06
5;604.23;-127.421;1761.91
14;451.375;-1179.8;1367.35
7;534.532;96.1535;1575.05
10;378.491;-362.039;1777.76
12;415.648;-778.938;1568.53
3;439.03;98.9023;1856.03
8;272.291;-131.422;1821.88
0;273.651;321.613;1891.41
4;-66.3891;-148.536;1791.7
13;29.7032;-1198.19;1434.33
6;-48.0635;73.6336;1596.94
9;162.697;-361.296;1787.17
11;94.8961;-787.95;1607.29
2;107.824;99.8243;1868.51
1;272.824;100.168;1861.86
5;613.612;-120.705;1776.95
14;452.695;-1178.91;1368.82
7;560.925;108.085;1592.24
10;378.501;-360.847;1778.47
12;416.326;-777.901;1569.63
3;437.825;100.511;1855.21
8;271.712;-130.452;1822.34
0;271.599;322.253;1891.7
4;-68.6986;-143.769;1806.34
13;28.1641;-1198.96;1438.9
6;-75.6806;81.3211;1612.97
9;162.339;-360.473;1787.51
11;93.9363;-787.936;1609.79
2;106.622;100.677;1868.12
1;271.653;101.179;1862.25
5;619.302;-116.852;1792.98
14;451.903;-1177.08;1368.44
7;591.044;114.268;1604.39
10;378.183;-359.816;1779.83
12;415.766;-776.46;1570.1
3;436.683;101.682;1856.37
8;270.957;-129.483;1822.96
0;270.224;323.854;1885.85
4;-70.8553;-140.38;1823.67
13;27.2357;-1196.44;1435.33
6;-106.61;83.988;1630.3
9;161.813;-360.604;1790.06
11;93.2049;-786.716;1609.21
2;105.621;101.352;1865.41
1;270.679;101.833;1860.31
5;626.645;-117.93;1809.49
14;451.377;-1171.12;1360.24
7;619.257;110.542;1614.17
10;377.691;-359.975;1783.39
12;415.257;-773.499;1567.67
3;435.736;102.313;1855.22
8;270.215;-129.228;1823.52
0;268.815;324.801;1878.42
4;-73.4234;-141.193;1837.33
13;30.7532;-1193.36;1429.42
6;-131.968;77.8887;1642.33
9;160.759;-360.877;1793.5
11;94.4813;-785.279;1607.89
2;104.092;101.934;1862.84
1;269.136;102.582;1857.3
5;629.327;-120.461;1822.74
14;453.291;-1168.7;1358.84
7;648.134;103.212;1622.61
10;376.619;-360.029;1786.25
12;415.707;-772.292;1568.36
3;434.179;103.23;1851.76
8;268.912;-128.935;1823.59
0;268.391;322.949;1875.21
4;-72.2079;-144.599;1849.67
13;31.0849;-1195.99;1430.15
6;-153.661;64.514;1649.45
9;159.79;-363.264;1794.24
11;94.1758;-787.79;1608.62
2;103.596;99.7241;1862.96
1;268.565;100.445;1855.69
5;627.667;-125.228;1836.37
14;455.503;-1171.07;1358
7;674.141;85.8117;1625.11
10;375.553;-362.321;1784.73
12;416.312;-774.623;1567.18
3;433.534;101.166;1848.42
8;268.118;-131.174;1822.58
0;268.405;324.426;1873.1
4;-70.0996;-150.803;1859.33
13;28.7694;-1193.33;1425.29
6;-170.06;45.7596;1653.8
9;160.33;-364.261;1796.57
11;93.2599;-786.925;1607.29
2;103.768;99.0193;1863.03
1;268.685;99.986;1854.66
5;624.837;-133.11;1846.68
14;455.396;-1170.77;1356.91
7;692.075;63.9245;1624.85
10;376.025;-362.997;1785.63
12;416.489;-774.801;1567.07
3;433.602;100.953;1846.29
8;268.431;-131.822;1822.88
0;267.959;324.461;1872.55
4;-62.0501;-157.402;1870.67
13;28.1551;-1193.64;1424.61
6;-176.224;20.9073;1656.82
9;161.022;-365.202;1796.92
11;93.286;-787.542;1607.11
2;103.848;97.9656;1863.72
1;268.694;99.328;1854.1
5;616.918;-143.054;1856.34
14;456.721;-1173.44;1360.03
7;702.724;35.1411;1623.18
10;376.624;-363.42;1784.34
12;417.458;-776.371;1568.03
3;433.539;100.69;1844.48
8;268.758;-132.491;1822.37
0;267.408;324.408;1871.77
4;-51.5242;-162.702;1879.83
13;24.0699;-1193.86;1427
6;-182.169;-12.7374;1656.46
9;161.405;-365.714;1798.35
11;91.3909;-787.906;1609.03
2;104.023;97.578;1864.12
1;268.833;99.0761;1853.88
5;608.459;-154.024;1864.16
14;454.767;-1173.09;1358.9
7;706.18;1.02463;1619.88
10;376.96;-363.755;1784.95
12;416.626;-776.356;1567.75
3;433.643;100.574;1843.65
8;269.008;-132.829;1822.77
0;266.602;323.031;1866.88
4;-43.2561;-167.855;1884.91
13;27.1138;-1190.56;1418.78
6;-184.044;-44.0473;1649.99
9;161.567;-367.383;1801.85
11;93.0225;-787.04;1606.56
2;103.651;96.437;1863.13
1;268.407;98.1263;1852.07
5;598.735;-166.507;1867.08
14;454.28;-1173.03;1358.42
7;704.346;-35.0145;1613.32
10;377.052;-365.174;1787.38
12;416.423;-777.023;1568.69
3;433.163;99.8156;1841
8;268.858;-134.076;1823.34
0;263.164;326.115;1864.93
4;-34.6299;-173.428;1886.45
13;31.3279;-1187.92;1416.22
6;-180.4;-72.6711;1642.4
9;160.994;-366.476;1804.67
11;94.8895;-785.254;1606.63
2;101.973;97.5811;1863.06
1;266.73;99.5883;1852.03
5;587.865;-175.752;1872.53
14;455.797;-1171.38;1361.02
7;692.756;-69.03;1609.69
10;376.479;-363.851;1790.23
12;416.916;-775.53;1571.42
3;431.486;101.596;1841
8;267.733;-132.788;1824.74
0;265.718;327.366;1864.97
4;-5.28082;-205.119;1900.13
13;36.0093;-1182.82;1409.59
6;-158.989;-112.512;1655.26
9;161.779;-365.462;1807.76
11;97.661;-782.155;1604.77
2;103.043;98.8507;1864.45
1;267.727;100.831;1852.4
5;575.436;-182.374;1871.76
14;457.081;-1168.84;1359.97
7;678.184;-101.446;1598.48
10;377.169;-362.872;1792
12;417.908;-773.757;1571.75
3;432.411;102.811;1840.35
8;268.601;-131.668;1826.14
0;265.678;327.157;1867.98
4;1.80588;-216.761;1889.53
13;34.2615;-1181.79;1409.59
6;-155.455;-140.594;1640.41
9;162.047;-365.473;1809.36
11;96.9016;-781.636;1605.56
2;103.037;98.6879;1867.07
1;267.631;100.919;1853.91
5;570.716;-192.187;1864.38
14;457.785;-1169.76;1362.55
7;659.72;-132.406;1580
10;377.321;-362.555;1792.15
12;418.342;-774.072;1573.14
3;432.226;103.149;1840.76
8;268.658;-131.548;1827.34
0;267.848;324.219;1874
4;7.67166;-222.666;1885.76
13;42.23;-1183.95;1409.33
6;-145.201;-164.98;1628.87
9;160.136;-366.201;1809.16
11;100.027;-783.092;1605.33
2;103.15;97.6826;1870.89
1;267.625;99.4879;1856.3
5;568.852;-197.1;1858.7
14;462.527;-1175.77;1371.02
7;638.882;-149.887;1567.85
10;375.253;-363.839;1790.08
12;419.746;-777.762;1576.44
3;432.1;101.293;1841.7
8;267.66;-132.766;1827.96
0;266.162;329.321;1877
4;9.97082;-223.084;1878.12
13;45.8567;-1180.71;1409.44
6;-135.126;-176.228;1614.15
9;160.379;-363.16;1810.74
11;101.995;-779.948;1606.16
2;102.765;100.542;1873.32
1;267.185;102.671;1858.12
5;569.422;-201.548;1846.34
14;464.119;-1175.65;1378.62
7;614.486;-160.583;1550.09
10;375.425;-360.376;1790.87
12;420.641;-776.004;1580.71
3;431.605;104.8;1842.93
8;267.544;-129.548;1829.47
0;267.067;327.353;1878.5
4;-12.5161;-206.544;1866.06
13;42.8992;-1180.84;1409.5
6;-125.976;-173.395;1586.37
9;162.538;-363.948;1810.68
11;101.545;-780.401;1606.16
2;103.395;99.5461;1873.39
1;267.903;102.092;1859.25
5;571.21;-204.773;1834.68
14;459.218;-1176.61;1379.86
7;593.254;-163.977;1536.87
10;377.697;-360.619;1792.18
12;419.257;-776.616;1581.98
3;432.41;104.637;1845.1
8;269.01;-130.096;1830.34
0;267.587;327.317;1879.75
4;-29.2697;-196.778;1855.52
13;41.3732;-1181.77;1412.26
6;-117.29;-162.946;1564.27
9;163.637;-364.356;1811.6
11;101.307;-781.078;1608.02
2;103.621;99.0744;1873.98
1;268.152;101.884;1860.13
5;573.094;-204.879;1820.84
14;456.758;-1176.98;1380.99
7;569.211;-155.598;1523.5
10;378.827;-360.681;1793.48
12;418.557;-776.832;1583.19
3;432.683;104.694;1846.27
8;269.692;-130.317;1831.33
0;268.939;328.11;1884.88
4;-38.129;-190.892;1846.76
13;37.7119;-1185.42;1423.93
6;-103.886;-144.735;1549.51
9;163.811;-362.324;1809.93
11;99.5251;-781.942;1613.15
2;104.705;100.775;1875.48
1;269.311;103.245;1862.49
5;573.553;-196.438;1809.93
14;456.852;-1178.45;1386.55
7;554.022;-136.237;1515.51
10;379.099;-359.093;1792.94
12;418.738;-776.805;1585.76
3;433.917;105.715;1849.5
8;270.383;-128.732;1831.96
0;269.659;327.281;1887.44
4;-44.061;-184.448;1835.38
13;36.4187;-1189.64;1431.91
6;-96.0254;-123.736;1538.47
9;163.653;-362.057;1807.82
11;98.7886;-783.96;1616.18
2;105.11;100.717;1876.1
1;269.763;102.99;1863.66
5;571.28;-185.718;1799.97
14;457.379;-1180.96;1390.38
7;540.513;-111.859;1510.37
10;379.003;-359.084;1791.55
12;418.959;-778.078;1587.03
3;434.415;105.263;1851.22
8;270.545;-128.791;1831.67
0;270.233;326.312;1888.73
4;-47.5298;-175.724;1824.69
13;38.2071;-1188.88;1427.28
6;-87.9332;-96.9487;1532.05
9;164.555;-363.057;1807.46
11;100.142;-784.065;1613.64
2;106.061;99.6408;1876.35
1;270.739;101.871;1864.22
5;570.642;-175.862;1791.51
14;458.442;-1183.16;1392.76
7;533.265;-81.6825;1510.3
10;379.937;-360.141;1791.59
12;419.959;-779.721;1588.27
3;435.416;104.101;1852.08
8;271.492;-129.864;1831.87
0;271.084;325.52;1889.37
4;-49.765;-164.364;1815.84
13;36.4358;-1190.62;1429.24
6;-82.704;-68.299;1531.6
9;166.067;-363.942;1806.53
11;99.9806;-785.384;1614.19
2;106.887;98.6253;1875.74
1;271.643;100.942;1864.79
5;572.321;-167.93;1786.26
14;456.501;-1182.49;1389.74
7;533.084;-52.7044;1513.46
10;381.551;-360.912;1792.21
12;419.761;-779.755;1587.03
3;436.398;103.259;1853.83
8;272.726;-130.743;1832.08
0;272.138;325.529;1890.19
4;-49.8805;-157.183;1810.92
13;34.855;-1192.94;1433.13
6;-77.6365;-41.3109;1535.37
9;167.359;-364.104;1804.63
11;99.8081;-786.65;1615.24
2;108.071;98.3315;1874.63
1;272.902;100.535;1864.88
5;574.663;-160.964;1781.64
14;455.059;-1185.03;1393.47
7;532.17;-26.3942;1516.96
10;382.942;-361.222;1791.87
12;419.707;-781.201;1588.76
3;437.732;102.738;1855.12
8;274.026;-131.064;1831.56
0;272.34;326.436;1890.09
4;-49.9401;-150.591;1808.96
13;32.9753;-1193.23;1437.6
6;-74.5066;-16.3976;1540.77
9;168.44;-362.568;1803.94
11;99.3797;-786.042;1617.18
2;109.217;99.9467;1873.48
1;274.121;101.931;1865.03
5;578.832;-153.983;1776.82
14;452.616;-1183.77;1393.82
7;534.736;-0.96315;1524.15
10;384.118;-359.973;1792.88
12;419.039;-779.949;1589.44
3;439.024;103.915;1856.58
8;275.2;-129.67;1831.72
0;272.742;325.775;1890.05
4;-50.9704;-147.294;1807.47
13;34.2934;-1192.47;1436.23
6;-69.6408;6.57678;1551.3
9;168.491;-361.929;1803.35
11;100.076;-785.344;1616.19
2;109.284;100.664;1872.39
1;274.231;102.52;1864.73
5;584.416;-147.993;1777.92
14;452.69;-1182.95;1393.5
7;533.362;20.8838;1537.11
10;384.224;-359.503;1793.33
12;419.128;-779.298;1589.49
3;439.177;104.375;1857.06
8;275.294;-129.098;1831.53
0;272.47;325.3;1885.02
4;-56.9831;-145.148;1805.23
13;33.4018;-1190.01;1431.46
6;-66.7163;25.1148;1560.22
9;168.642;-362.537;1805.03
11;99.696;-784.389;1614.58
2;108.915;100.49;1870.52
1;273.839;102.533;1862.39
5;592.21;-141.493;1781.45
14;452.449;-1180.87;1389.54
7;538.397;36.6092;1547.83
10;384.346;-359.865;1794.4
12;419.065;-778.417;1588
3;438.763;104.577;1854.26
8;275.167;-129.334;1831.05
0;270.406;327.981;1882.5
4;-62.4936;-146.076;1807.11
13;35.616;-1186.42;1429.54
6;-60.2483;39.2526;1575.19
9;168.518;-360.353;1807.07
11;100.764;-781.484;1614.6
2;107.738;102.858;1870.26
1;272.648;105.263;1861.9
5;600.102;-135.243;1786.72
14;451.81;-1178.19;1391.13
7;538.691;50.5469;1560.39
10;384.203;-357.208;1796.14
12;418.669;-775.746;1589.67
3;437.557;107.668;1853.55
8;274.504;-126.759;1831.75
0;271.11;325.795;1881.25
4;-69.2548;-145.542;1813.05
13;30.8239;-1188.08;1432.02
6;-45.1545;50.1842;1592.81
9;170.2;-361.39;1805.79
11;99.1454;-782.84;1615.24
2;108.31;101.735;1868.58
1;273.239;104.465;1860.72
5;607.543;-129.117;1792.87
14;448.768;-1177.71;1387.56
7;534.083;64.148;1577.77
10;385.91;-357.819;1795.5
12;417.955;-775.802;1587.53
3;438.167;107.195;1852.85
8;275.647;-127.57;1830.68
0;269.944;326.536;1872.12
4;-77.6203;-143.276;1817.52
13;31.1084;-1184.32;1423.15
6;-27.3254;58.4733;1608.45
9;170.536;-363.127;1808.67
11;99.455;-781.774;1612.13
2;107.613;100.621;1865.21
1;272.499;103.691;1856.62
5;614.779;-123.552;1804.43
14;449.171;-1177.11;1385.73
7;531.485;72.6244;1594.86
10;386.19;-359.113;1797.44
12;418.298;-776.131;1587.55
3;437.385;106.76;1848.04
8;275.431;-128.715;1829.84
0;269.11;328.856;1867.56
4;-81.8187;-142.133;1827.26
13;30.851;-1181.95;1420.23
6;-10.2579;64.877;1628.61
9;171.098;-362.596;1809.46
11;99.5994;-780.305;1611.03
2;107.14;101.54;1861.54
1;272.083;104.753;1854.27
5;620.381;-117.282;1814.22
14;448.15;-1173.55;1382.43
7;522.665;81.4477;1614.05
10;386.827;-358.394;1799.96
12;418.089;-773.964;1587.1
3;437.026;107.966;1847
8;275.523;-127.871;1829.49
0;269.344;329.105;1861.28
4;-82.3991;-139.572;1839.13
13;32.369;-1182.39;1420.62
6;8.16276;71.5385;1648.41
9;169.986;-362.552;1809.84
11;99.8285;-780.508;1611.41
2;107.337;102.086;1859
1;272.193;104.962;1849.98
5;625.7;-111.635;1828.11
14;449.777;-1175.08;1383.13
7;520.49;92.318;1634.31
10;385.602;-358.791;1798.03
12;418.319;-774.937;1586.52
3;437.049;107.837;1840.95
8;274.993;-127.855;1826.96
0;270.461;329.896;1857.63
4;-83.7097;-135.278;1851.55
13;29.7807;-1186.22;1429.34
6;20.5497;80.9963;1674.99
9;169.031;-360.724;1805.59
11;98.0407;-781.563;1613.78
2;107.965;104.452;1851.67
1;272.962;106.266;1847.41
5;629.84;-102.823;1840.04
14;451.174;-1171.56;1379.48
7;514.972;102.119;1651.44
10;384.831;-358.351;1800.02
12;418.653;-772.929;1585.63
3;437.959;108.08;1843.15
8;274.947;-126.636;1825.11
0;270.249;330.636;1855.81
4;-84.8524;-131.136;1863.27
13;29.3802;-1188.44;1432.66
6;26.3917;87.874;1700.23
9;168.512;-360.108;1802.76
11;97.5821;-782.396;1614.08
2;108.124;105.235;1848.17
1;273.178;106.735;1844.57
5;635.922;-95.4142;1852.02
14;449.524;-1173.03;1380.55
7;511.941;111.894;1672.59
10;384.387;-358.146;1798.05
12;417.594;-773.577;1585.21
3;438.232;108.235;1840.98
8;274.814;-126.196;1822.49
0;270.198;329.154;1850.41
4;-85.4389;-128.059;1873.13
13;27.9592;-1193.39;1437.12
6;31.9044;94.7193;1721.79
9;168.168;-361.512;1798.75
11;96.689;-785.608;1614.39
2;107.611;104.186;1840.06
1;272.702;105.485;1839.1
5;639.948;-87.2163;1862.51
14;449.567;-1174.15;1378.94
7;508.651;122.18;1690.99
10;384.091;-359.813;1797.49
12;417.471;-774.963;1584.11
3;437.793;106.784;1838.13
8;274.416;-127.589;1818.61
0;270.476;329.022;1852.2
4;-83.7115;-124.534;1885.56
13;30.1032;-1197.47;1440.2
6;26.6922;101.702;1735.02
9;167.89;-361.516;1793.27
11;97.6459;-787.687;1613.27
2;107.848;104.036;1836.91
1;272.955;105.001;1837.59
5;643.982;-82.1035;1874.76
14;449.208;-1178.23;1382.82
7;513.944;131.573;1709.1
10;383.834;-360.253;1794.17
12;417.162;-777.259;1584.46
3;438.062;105.967;1838.28
8;274.409;-127.942;1815.65
0;272.061;329.526;1848.09
4;-84.8525;-122.766;1896.28
13;28.9606;-1195.72;1437.66
6;18.2321;104.296;1744.09
9;169.107;-361.232;1793.35
11;97.66;-786.657;1612.02
2;109.796;104.624;1834.72
1;274.92;105.354;1835.16
5;647.994;-78.5519;1886.37
14;446.317;-1177;1379.47
7;520.403;137.217;1724.57
10;385.073;-360.278;1793.93
12;416.295;-776.647;1582.64
3;440.043;106.084;1835.6
8;276.005;-127.701;1814.4
0;270.077;328.876;1842.53
4;-84.9124;-121.392;1904.12
13;25.2888;-1192.34;1429.62
6;8.44863;108.192;1751.14
9;172.052;-363.653;1795.85
11;97.2315;-786.123;1609.15
2;109.222;101.962;1834.41
1;274.302;104.149;1832.35
5;649.51;-72.764;1895.18
14;440.872;-1178.5;1379.53
7;535.518;150.772;1735.31
10;387.961;-360.794;1793.16
12;414.935;-777.663;1582.29
3;439.383;106.335;1830.29
8;277.155;-129.037;1813.43
0;271.819;331.372;1843.27
4;-83.957;-122.2;1913.56
13;20.4481;-1190.84;1433.19
6;-8.27824;109.67;1754.69
9;174.738;-361.809;1795.6
11;96.0802;-784.451;1610.84
2;110.794;103.521;1835.9
1;275.891;106.051;1834.51
5;652.754;-70.3793;1902.1
14;435.134;-1176.15;1379.09
7;562.806;163.259;1744.27
10;390.669;-358.499;1793.79
12;413.337;-775.341;1582.37
3;440.989;108.582;1833.12
8;279.297;-127.051;1814.6
0;273.761;330.361;1844.14
4;-81.4713;-121.605;1921.28
13;15.3926;-1191.51;1434.93
6;-21.8146;109.84;1756.74
9;176.565;-362.188;1793.72
11;94.3989;-784.979;1610.81
2;111.947;102.995;1834.71
1;277.029;105.52;1836.16
5;659.384;-67.1847;1907.55
14;431.091;-1171.12;1369.97
7;595.769;175.461;1749.97
10;392.476;-358.886;1795.62
12;412.162;-772.967;1578.62
3;442.111;108.044;1837.61
8;280.775;-127.509;1815.41
0;272.833;329.645;1846.57
4;-79.2535;-116.79;1924.14
13;17.2389;-1189.75;1430.71
6;-47.4976;116.743;1756.47
9;176.112;-362.43;1795.14
11;95.1178;-784.202;1609.35
2;111.226;102.313;1840.43
1;276.257;105.305;1837.96
5;662.674;-67.1048;1911.77
14;432.147;-1175.8;1376.18
7;631.907;183.355;1757.96
10;391.956;-358.517;1791.9
12;412.446;-775.168;1579.96
3;441.288;108.297;1835.48
8;280.146;-127.584;1815.74
0;271.653;330.152;1845.78
4;-81.1204;-108.899;1923.57
13;19.0779;-1184.1;1423.08
6;-85.6295;123.977;1752.76
9;176.076;-361.734;1799.21
11;96.0377;-780.978;1607.46
2;110.631;102.92;1844.68
1;275.545;106.459;1838.52
5;670.843;-59.0474;1911.88
14;431.879;-1174.74;1375.96
7;682.891;195.715;1762.32
10;391.767;-357.105;1791.15
12;412.216;-773.937;1579.49
3;440.458;109.998;1832.35
8;279.733;-126.48;1816.85
0;269.131;328.057;1841.39
4;-91.556;-95.4533;1916.28
13;19.1318;-1183.14;1417.16
6;-146.095;130.259;1746.08
9;175.851;-364.144;1800.74
11;95.9548;-781.673;1605.19
2;109.6;100.538;1844.74
1;274.47;104.475;1837.05
5;686.925;-41.5192;1910.44
14;432.693;-1176.22;1374.73
7;747.942;211.275;1768.07
10;391.484;-358.995;1790.67
12;412.493;-775.621;1578.62
3;439.34;108.412;1829.35
8;279.069;-128.547;1816.38
0;267.388;330.323;1847.2
4;-115.781;-66.7261;1901.15
13;21.295;-1180.99;1417.51
6;-239.417;135.233;1742.16
9;175.065;-361.581;1801.52
11;96.6723;-779.317;1605.75
2;108.563;102.723;1848.94
1;273.424;106.857;1840.72
5;711.959;-20.7613;1905.72
14;432.959;-1172.63;1373.37
7;828.179;223.201;1779.79
10;390.686;-356.175;1790.76
12;412.237;-772.407;1577.97
3;438.284;110.99;1832.49
8;278.15;-126.011;1818.43
