148
0;128.231;305.644;2094.4
4;-162.318;381.703;1965.36
13;-65.0616;-1313.16;1644.35
6;132.376;511.913;2040.25
9;23.6487;-392.493;1913.25
11;-21.5762;-861.854;1776.17
2;-41.8355;86.9259;2016.1
1;130.399;84.6915;2035.13
5;430.317;381.31;2047.43
14;366.744;-1296.86;1619.83
7;187.013;577.173;1974.13
10;248.914;-395.415;1938.15
12;308.984;-854.973;1775.87
3;302.633;82.457;2054.17
8;133.34;-154.631;1980.42
0;129.864;305.786;2093.42
4;-160.031;376.66;1961.28
13;-57.1377;-1312.36;1642.43
6;136.983;514.72;2009.98
9;20.1351;-391.167;1912.98
11;-19.2589;-860.794;1775.05
2;-41.6465;88.831;2015.52
1;130.595;85.3419;2034.28
5;432.058;374.418;2037.27
14;374.044;-1297.02;1623.05
7;174.489;556.706;1977.62
10;245.41;-395.731;1937.52
12;310.988;-855.212;1777.2
3;302.836;81.8528;2053.04
8;131.684;-154.054;1979.77
0;131.879;306.557;2092.93
4;-149.236;375.17;1958.17
13;-54.6073;-1311.43;1640.93
6;144.061;526.148;1995.55
9;18.8592;-390.367;1913.15
11;-18.5943;-859.928;1774.37
2;-40.7805;90.0064;2015.29
1;131.476;85.8244;2033.79
5;439.996;367.099;2032.78
14;376.686;-1296.09;1621.39
7;175.373;543.702;1983.9
10;244.154;-395.836;1937.34
12;311.719;-854.79;1776.27
3;303.732;81.6423;2052.29
8;131.491;-153.639;1979.52
0;133.98;305.918;2093.19
4;-133.205;377.238;1956.32
13;-55.7418;-1312.82;1645.42
6;156.475;537.12;1991.41
9;19.1977;-390.234;1912.08
11;-19.0068;-860.571;1776.14
2;-39.282;90.1696;2014.81
1;132.944;85.5052;2033.5
5;438.648;360.327;2026.37
14;375.909;-1297.83;1623.57
7;176.343;543;1984.2
10;244.452;-396.334;1936.52
12;311.469;-855.919;1776.98
3;305.17;80.8408;2052.19
8;132.384;-153.889;1978.9
0;135.61;306.81;2098.32
4;-126;379.945;1958.18
13;-54.6844;-1314.07;1652.25
6;163.428;542.451;1986.98
9;18.8899;-388.411;1908.29
11;-18.6186;-860.314;1777.76
2;-38.6183;90.8831;2016.5
1;133.652;85.7708;2034.65
5;432.331;361.203;2021.81
14;376.489;-1300.06;1629.77
7;171.232;546.986;1983.05
10;244.203;-395.098;1932.03
12;311.643;-856.451;1777.94
3;305.923;80.6585;2052.81
8;132.599;-152.992;1977.41
0;135.965;307.881;2101.39
4;-122.979;382.111;1962.62
13;-54.4374;-1314.44;1658.83
6;168.297;542.672;1985.93
9;18.6513;-386.271;1905.73
11;-18.6096;-859.456;1779.86
2;-38.4058;92.2569;2017.54
1;133.929;86.9995;2035.04
5;426.555;363.291;2019.27
14;372.901;-1301;1633.61
7;164.055;547.222;1979.4
10;244.048;-393.147;1928.61
12;309.738;-855.976;1778.22
3;306.264;81.742;2052.53
8;132.639;-151.355;1976.1
0;138.356;309.237;2103.92
4;-118.97;382.755;1964.36
13;-55.014;-1312.43;1662.86
6;171.872;544.692;1985.87
9;19.0411;-382.929;1904.55
11;-18.7125;-856.79;1781.34
2;-36.729;95.3291;2018.2
1;135.55;89.4488;2036.04
5;436.93;362.557;2024.56
14;372.742;-1299.84;1636.82
7;170.141;538.076;1976.94
10;244.365;-390.62;1927.89
12;309.812;-854.145;1779.5
3;307.829;83.5684;2053.88
8;133.626;-148.663;1976.13
0;139.523;310.173;2098.18
4;-114.452;384.603;1967.22
13;-56.5131;-1310.93;1658.57
6;176.366;547.196;1984.78
9;20.2767;-383.216;1906.21
11;-18.8711;-856.169;1779.96
2;-34.9746;95.766;2017.03
1;137.388;90.005;2034.08
5;447.813;357.226;2025.23
14;369.471;-1300.35;1636.58
7;180.445;532.674;1979.51
10;245.709;-390.751;1928.51
12;308.804;-854.469;1779.68
3;309.75;84.2439;2051.13
8;135.19;-148.489;1975.72
0;140.486;309.639;2095.31
4;-115.601;386.525;1971.44
13;-57.2874;-1311.83;1657.92
6;177.535;545.405;1982.84
9;20.6931;-384.15;1905.43
11;-19.0616;-857.083;1779.25
2;-34.6737;94.9992;2015.51
1;137.757;89.4594;2031.94
5;458.293;350.615;2027.78
14;371.185;-1301.7;1637.66
7;190.879;526.083;1981.77
10;246.215;-391.396;1926.92
12;309.925;-855.471;1779.45
3;310.187;83.9197;2048.37
8;135.605;-149.157;1974.06
0;142.222;309.02;2095.38
4;-119.202;386.509;1973.57
13;-60.496;-1313.17;1661.71
6;175.821;542.017;1984.2
9;22.4314;-384.342;1903.17
11;-19.8453;-857.861;1780.07
2;-32.9398;94.5881;2014.21
1;139.425;88.8641;2031.26
5;464.932;342.182;2027.91
14;371.672;-1303.27;1639.28
7;199.99;522.202;1985.42
10;247.868;-391.829;1925.46
12;310.984;-856.484;1779.56
3;311.79;83.1401;2048.3
8;137.287;-149.611;1972.79
0;142.713;309.896;2094.39
4;-118.359;384.683;1974.57
13;-61.6427;-1312.6;1660.1
6;176.197;541.22;1984.39
9;23.2047;-384.331;1903.09
11;-20.0509;-857.567;1779.22
2;-32.2647;94.7541;2013.44
1;140.113;89.1126;2030.4
5;467.859;340.813;2027.79
14;369.336;-1303.29;1638.21
7;203.548;522.662;1989.17
10;248.657;-391.709;1925.28
12;310.18;-856.438;1778.93
3;312.49;83.4712;2047.36
8;138.022;-149.454;1972.29
0;143.871;308.985;2093.93
4;-121.322;385.932;1975.32
13;-64.0763;-1312.86;1661.24
6;175.479;538.27;1982.73
9;24.843;-384.305;1901.69
11;-20.4884;-857.685;1779.11
2;-30.9559;94.4973;2013.09
1;141.43;88.9459;2030
5;469.35;342.512;2027.58
14;366.704;-1305.28;1641.84
7;199.541;515.539;1987.54
10;250.307;-391.566;1923.81
12;309.646;-857.379;1780.06
3;313.816;83.3945;2046.91
8;139.502;-149.495;1971.38
0;143.84;308.011;2093.71
4;-125.953;383.622;1976.47
13;-65.0744;-1313.34;1661.17
6;169.77;538.17;1981.64
9;25.5271;-384.511;1899.97
11;-20.6619;-858.031;1778.23
2;-30.6577;94.0329;2012.28
1;141.716;88.5495;2029.34
5;472.058;347.901;2027.3
14;364.985;-1305.77;1640.52
7;194.519;507.283;1985.74
10;250.975;-391.683;1922.28
12;309.098;-857.689;1778.63
3;314.09;83.0661;2046.4
8;139.984;-149.774;1970.23
0;143.032;310.626;2093.58
4;-132.197;380.997;1977.86
13;-65.473;-1311.65;1661.19
6;162.567;537.433;1982.08
9;25.6649;-382.804;1899.72
11;-20.7976;-856.336;1778.11
2;-31.0523;95.5185;2012.71
1;141.387;90.3473;2029.18
5;474.234;352.38;2027.63
14;363.045;-1302.97;1636.43
7;192.271;504.17;1986.46
10;251.199;-389.568;1921.26
12;308.219;-855.226;1776.05
3;313.827;85.1761;2045.65
8;139.91;-147.919;1969.83
0;143.695;311.806;2094.04
4;-137.014;378.079;1979.24
13;-65.7799;-1308.96;1659.89
6;156.667;536.568;1982.88
9;26.4569;-380.47;1899.4
11;-20.5658;-853.82;1777.3
2;-30.3214;97.6764;2013.1
1;142.128;92.524;2029.48
5;474.699;355.32;2024.86
14;357.856;-1300.35;1632.91
7;189.152;500.998;1985.56
10;252.004;-387.209;1920.81
12;305.968;-852.733;1774.04
3;314.578;87.3716;2045.85
8;140.68;-145.658;1969.79
0;143.465;314.238;2093.24
4;-140.465;376.103;1979.32
13;-38.1154;-1308.16;1657.92
6;151.188;538.272;1982.69
9;27.0572;-378.479;1900.16
11;-6.16802;-852.435;1776.67
2;-30.0638;99.7547;2013.32
1;142.458;94.9165;2029.01
5;474.263;354.651;2021.6
14;321.094;-1298.68;1626.28
7;188.937;501.764;1985.2
10;252.698;-384.807;1920.67
12;287.567;-850.701;1770.59
3;314.979;90.0784;2044.7
8;141.168;-143.363;1969.71
0;143.546;313.176;2092.84
4;-142.154;375.888;1979.56
13;-55.543;-1307.06;1657.15
6;147.434;541.668;1984.2
9;28.5573;-378.805;1899.04
11;-14.3173;-852.035;1775.72
2;-29.5081;99.0133;2013.47
1;143.098;94.6784;2028.33
5;473.134;348.84;2017.73
14;331.383;-1298.42;1625.33
7;191.507;503.991;1987.28
10;254.309;-384.475;1918.48
12;293.601;-850.406;1769.03
3;315.704;90.3436;2043.2
8;142.266;-143.481;1968.55
0;143.897;313.066;2092.64
4;-145.605;372.528;1979.42
13;-65.2812;-1305.33;1653.11
6;141.498;542.497;1985.57
9;30.1046;-378.98;1898.56
11;-18.5234;-851.238;1773.43
2;-28.9409;98.5147;2013.83
1;143.741;94.6982;2027.94
5;472.433;343.574;2015.87
14;334.847;-1296.77;1620.15
7;194.53;505.934;1988.96
10;255.955;-383.971;1917
12;296.174;-849.322;1765.66
3;316.422;90.8818;2042.04
8;143.385;-143.389;1967.86
0;142.438;310.829;2087.04
4;-148.566;374.427;1978.85
13;-71.3007;-1306.54;1642.07
6;138.927;543.777;1985.46
9;29.6619;-384.107;1899.83
11;-21.8092;-854.369;1768.42
2;-30.5823;93.9836;2011.92
1;142.2;90.978;2024.89
5;472.378;340.167;2014.28
14;372.326;-1293.35;1611.83
7;196.834;507.233;1991.62
10;255.645;-388.038;1916.8
12;315.129;-849.572;1761.33
3;314.983;87.9723;2037.86
8;142.427;-147.547;1966.6
0;142.852;310.933;2083.74
4;-154.755;375.252;1979.29
13;-73.9933;-1306.94;1636.22
6;132.008;545.824;1986.77
9;29.9484;-386.43;1899.97
11;-23.0414;-855.709;1765.51
2;-30.5467;92.05;2010.26
1;142.272;89.2787;2022.85
5;486.975;335.608;2017.52
14;387.494;-1289.5;1599.57
7;210.692;501.167;1991.87
10;255.978;-390.054;1916.43
12;323.026;-848.597;1754.9
3;315.09;86.5075;2035.43
8;142.618;-149.482;1965.53
0;142.437;310.022;2082.57
4;-167.968;371.693;1977.2
13;-77.1866;-1308.56;1636.99
6;120.301;539.548;1987.21
9;29.8975;-387.963;1899.42
11;-24.6944;-857.286;1765.63
2;-30.7151;90.6428;2009.13
1;142.096;87.8962;2021.85
5;495.966;333.116;2019.54
14;382.269;-1285.83;1582.43
7;221.142;500.431;1989.68
10;255.917;-391.555;1916.07
12;320.332;-847.461;1745.98
3;314.906;85.1497;2034.58
8;142.501;-150.931;1964.8
0;142.472;309.64;2081.5
4;-180.69;365.521;1973.49
13;-81.233;-1309.77;1638.14
6;102.208;540.902;1993.68
9;30.3044;-389.45;1899.79
11;-26.5578;-858.632;1766.4
2;-30.6589;89.3863;2008.29
1;142.117;86.6852;2021.5
5;499.666;331.997;2018.1
14;380.065;-1279.54;1562.54
7;228.478;503.985;1982.66
10;256.278;-392.982;1917.06
12;319.385;-844.953;1736.33
3;314.892;83.9841;2034.71
8;142.704;-152.265;1964.96
0;142.852;307.219;2081.04
4;-173.342;362.245;1972.34
13;-84.6806;-1310.96;1638.97
6;101.627;545.386;2008.14
9;30.6957;-390.76;1899.42
11;-28.1236;-859.882;1766.64
2;-30.2444;88.0039;2008.27
1;142.537;85.3012;2021.41
5;485.341;334.482;2013.59
14;376.95;-1272.64;1541.1
7;217.108;505.308;1967.47
10;256.677;-394.295;1916.61
12;317.993;-842.08;1725.17
3;315.319;82.5984;2034.55
8;143.112;-153.613;1964.71
0;142.661;305.21;2081.25
4;-176.67;354.621;1969.69
13;-85.8057;-1312.26;1638.69
6;85.9119;552.329;2009.3
9;30.4391;-392.221;1899.39
11;-28.823;-861.261;1766.49
2;-30.3217;86.4585;2008.71
1;142.497;83.7943;2021.36
5;480.173;333.741;2010.79
14;372.068;-1266.58;1521.9
7;212.461;502.48;1959.57
10;256.469;-395.706;1915.93
12;315.402;-839.682;1715.05
3;315.316;81.1301;2034.01
8;142.976;-155.085;1964.51
0;145.135;302.049;2082.85
4;-183.832;342.812;1964.85
13;-93.8903;-1313.6;1641.21
6;68.091;551.546;1999.02
9;32.9944;-394.044;1898.41
11;-31.6919;-862.837;1767.29
2;-26.8009;84.3249;2009.6
1;146.053;81.3942;2021.7
5;479.089;330.865;2007.9
14;369.436;-1264.21;1508.5
7;211.024;498.1;1955.66
10;259.07;-397.877;1914.23
12;315.335;-839.535;1707.39
3;318.906;78.4636;2033.79
8;146.043;-157.283;1964.01
0;147.644;301.824;2088.15
4;-192.924;329.911;1960.43
13;-97.6942;-1312.42;1640.97
6;53.0431;544.99;1977.18
9;35.6373;-393.465;1897.14
11;-32.3356;-861.95;1766.54
2;-23.8359;83.8736;2012.77
1;149.112;81.081;2023.38
5;483.536;329.426;2003.95
14;391.34;-1261.31;1506.43
7;215.669;495.575;1955.32
10;261.836;-397.118;1911.01
12;327.858;-837.685;1704.75
3;322.06;78.2884;2033.98
8;148.924;-157.105;1963.73
0;151.616;301.417;2084.3
4;-200.953;315.948;1952.72
13;-58.8617;-1311.67;1624.92
6;42.657;530.64;1952.49
9;36.1355;-394.322;1899.8
11;-12.2944;-861.987;1759.66
2;-21.3404;83.7182;2013.51
1;151.717;80.7951;2021.89
5;489.778;326.218;1999.48
14;407.943;-1260.1;1506.72
7;225.339;497.501;1953.19
10;262.477;-398.145;1910.76
12;336.636;-837.574;1704.78
3;324.774;77.872;2030.27
8;150.512;-157.719;1963.59
0;158.53;300.018;2088.39
4;-208.488;298.481;1947.87
13;-42.1603;-1310.93;1620.45
6;34.385;508.736;1927.03
9;36.5227;-392.508;1898.06
11;-3.59019;-860.725;1756.53
2;-17.4677;84.7462;2016.6
1;155.668;81.0987;2022.5
5;492.376;327.095;1991.25
14;424.338;-1262.12;1514.27
7;229.934;503.065;1950.58
10;262.967;-397.279;1905.77
12;345.235;-838.177;1706.18
3;328.804;77.4512;2028.39
8;152.706;-156.897;1962.21
0;164.907;302.251;2084.41
4;-214.236;284.735;1944.44
13;-43.2735;-1306.03;1606.73
6;33.2949;484.531;1908.72
9;42.9536;-393.012;1900.01
11;-1.00532;-858.47;1750.5
2;-10.9358;84.8709;2016.08
1;162.263;81.6347;2020.3
5;493.196;332.054;1983.12
14;425.24;-1264.86;1517.52
7;234.958;515.094;1948.3
10;269.48;-397.245;1905.53
12;348.887;-839.56;1707.72
3;335.461;78.3985;2024.52
8;159.24;-156.747;1961.53
0;172.226;303.178;2077.43
4;-214.619;273.869;1943.2
13;-23.6834;-1300.19;1583.61
6;42.0335;454.366;1895.89
9;57.9313;-395.575;1902.64
11;16.3238;-856.749;1740
2;-1.0304;83.0947;2012.63
1;172.186;81.6833;2017.16
5;491.597;337.527;1975.07
14;448.62;-1263.06;1519.43
7;239.337;529.771;1939.93
10;284.482;-397.421;1908.56
12;368.16;-838.728;1710.18
3;345.403;80.2719;2021.69
8;171.696;-157.408;1961.38
0;179.943;308.228;2084.94
4;-214.316;260.938;1942.11
13;-11.5133;-1293.84;1574.7
6;48.0813;430.315;1888.7
9;65.2414;-390.704;1899.91
11;26.1116;-851.126;1734.11
2;6.04783;86.5893;2015.64
1;179.294;85.4015;2019.36
5;493.292;343.259;1967.54
14;461.085;-1266.12;1537.36
7;247.826;542.708;1929.78
10;291.83;-392.258;1904.77
12;378.117;-837.757;1717.46
3;352.54;84.2136;2023.08
8;178.915;-153.04;1960.85
0;187.14;307.865;2082.68
4;-213.153;250.966;1943.54
13;23.5269;-1283.72;1542.56
6;51.0217;413.529;1886.82
9;75.9542;-392.637;1901.7
11;49.2266;-846.912;1718.61
2;13.4111;84.6338;2015.84
1;186.679;85.0918;2017.83
5;495.151;349.137;1956.76
14;500.237;-1266.16;1553.03
7;256.025;554.952;1913.8
10;302.572;-392.038;1904.31
12;403.342;-837.669;1725.22
3;359.947;85.5497;2019.83
8;187.971;-153.623;1960.42
0;192.494;307.271;2081.56
4;-211.575;242.98;1943.27
13;42.6014;-1269.33;1507.79
6;51.9261;405.075;1886.04
9;82.9741;-393.253;1902.85
11;62.3919;-839.88;1701.45
2;19.1403;84.0363;2016.29
1;192.418;85.3106;2016.84
5;496.577;351.573;1945.37
14;522.878;-1269.09;1570.1
7;259.603;559.123;1894.22
10;309.605;-391.587;1903.56
12;418.332;-838.941;1733.56
3;365.696;86.5849;2017.38
8;194.354;-153.555;1960.02
0;199.161;304.823;2081
4;-207.291;237.492;1942.63
13;85.4574;-1258.95;1481.8
6;55.076;403.611;1886.42
9;90.1368;-395.2;1904.11
11;87.7512;-835.542;1688.82
2;25.6362;81.6;2019.28
1;198.866;83.8609;2016.73
5;502.285;347.786;1935.68
14;524.195;-1276.66;1581.71
7;269.145;556.13;1870.91
10;316.704;-392.243;1900.79
12;422.484;-843.122;1738.12
3;372.095;86.1219;2014.19
8;201.143;-154.93;1959.59
0;204.311;298.823;2080.72
4;-202.145;234.745;1940.82
13;136.336;-1246.86;1451.63
6;55.6878;408.538;1885.85
9;96.6369;-400.712;1904.87
11;116.876;-832.081;1673.81
2;31.9187;75.8949;2020.74
1;205.085;78.8339;2015.72
5;507.143;341.394;1923.84
14;517.225;-1286.82;1585.92
7;271.347;542.58;1848.74
10;323.121;-396.868;1898.3
12;422.076;-850.568;1739.05
3;378.25;81.7729;2010.69
8;207.482;-159.978;1958.65
0;208.013;291.032;2080.58
4;-195.573;235.371;1937.91
13;169.303;-1237.77;1422
6;54.5121;420.987;1880.96
9;102.247;-409.304;1904.4
11;136.433;-831.66;1658.47
2;36.9772;67.1776;2020.5
1;210.114;70.5856;2014.35
5;515.07;329.7;1914.41
14;569.84;-1286.23;1596.02
7;273.756;517.924;1831.2
10;328.693;-404.847;1896.36
12;451.631;-854.179;1743.25
3;383.25;73.9936;2008.21
8;212.792;-168.245;1957.37
0;211.219;285.171;2081.01
4;-190.289;234.686;1932.96
13;211.228;-1228.8;1403.13
6;46.7656;437.146;1876.47
9;106.916;-415.353;1904.35
11;160.094;-830.053;1648.83
2;40.7283;60.6629;2021.83
1;213.749;64.9509;2013.5
5;524.032;315.85;1905.2
14;600.192;-1289.49;1609.9
7;272.327;486.584;1820.09
10;333.21;-409.745;1893.45
12;469.318;-858.243;1748.89
3;386.77;69.2389;2005.16
8;216.906;-173.799;1956.2
0;211.789;278.431;2080.73
4;-187.144;231.84;1928.48
13;240.043;-1225.52;1391.49
6;31.4087;451.64;1865.39
9;107.249;-420.115;1900.07
11;174.948;-830.714;1640.79
2;40.4469;55.4607;2018.97
1;213.521;59.7745;2011.56
5;532.517;297.925;1897.61
14;615.245;-1291.59;1611.23
7;269.005;448.682;1817.94
10;333.613;-414.473;1890.38
12;477.19;-861.628;1748.07
3;386.595;64.0882;2004.15
8;216.976;-178.76;1953.39
0;212.55;275.302;2075.59
4;-186.081;229.925;1923.74
13;259.511;-1217.14;1375.72
6;14.7431;464.081;1855.65
9;111.612;-424.597;1900.89
11;187.012;-828.639;1633.16
2;42.0572;51.7665;2014.85
1;215.166;56.7007;2008.7
5;539.75;280.457;1891.31
14;617.703;-1293.64;1605.63
7;264.506;410.515;1820.65
10;338.022;-418.143;1892.84
12;480.604;-864.474;1746.42
3;388.276;61.6349;2002.54
8;219.992;-182.335;1952.78
0;213.145;276.859;2073.02
4;-186.048;231.467;1918.86
13;263.969;-1214.18;1370
6;2.10968;473.38;1840.67
9;112.891;-425.22;1900.62
11;189.911;-827.435;1630.11
2;42.3469;51.7457;2011.44
1;215.51;56.5969;2007.03
5;544.368;265.724;1887.16
14;620.242;-1292.89;1603.67
7;259.497;384.023;1829.76
10;339.371;-418.875;1894.84
12;482.56;-864.452;1746.4
3;388.673;61.4481;2002.61
8;220.82;-182.725;1952.38
0;212.591;276.503;2071.73
4;-187.024;232.733;1913.93
13;266.622;-1215.57;1368.59
6;-11.8786;481.712;1826.02
9;113.212;-425.17;1896.92
11;191.421;-828.118;1627.58
2;41.7072;51.8432;2006.97
1;214.912;56.4657;2005.06
5;545.184;253.861;1882.59
14;569.319;-1302.05;1590.08
7;256.422;370.373;1836.07
10;339.746;-419.124;1894.42
12;456.783;-869.246;1739.27
3;388.116;61.0881;2003.15
8;220.695;-182.841;1950.37
0;212.383;279.169;2070.58
4;-190.028;230.873;1906.5
13;242.455;-1204.13;1351.89
6;-21.6708;480.994;1809.69
9;106.147;-424.968;1900.69
11;175.638;-822.188;1620.91
2;42.6532;55.7587;1997.65
1;215.901;57.3586;1996.02
5;545.075;246.428;1880.24
14;587.454;-1299.35;1594.15
7;255.225;365.199;1840.77
10;332.738;-422.875;1898.56
12;462.593;-869.707;1743.37
3;389.149;58.9585;1994.4
8;217.672;-183.281;1947.82
0;211.748;282.918;2070.01
4;-195.979;227.913;1901.74
13;201.66;-1213.36;1358.41
6;-27.062;474.971;1796.32
9;102.595;-419.805;1893.29
11;153.099;-824.362;1620.61
2;39.6263;59.6207;1997.09
1;212.876;60.4214;1998.42
5;544.073;244.238;1877.63
14;570.222;-1299.87;1591.37
7;256.424;370.957;1843.37
10;329.188;-418.758;1895.02
12;452.068;-867.953;1740.22
3;386.125;61.222;1999.75
8;214.384;-179.43;1946.29
0;207.79;283.629;2069.73
4;-202.47;224.443;1894.37
13;173.838;-1224.61;1367.96
6;-33.8009;469.47;1785.17
9;97.8915;-418.215;1887.41
11;136.609;-829.32;1622.59
2;34.6092;60.6012;1994.16
1;207.798;60.782;1998.72
5;540.556;245.132;1874.32
14;570.294;-1295.79;1583.15
7;259.243;383.157;1836.95
10;324.405;-417.979;1893.37
12;449.76;-865.49;1735.22
3;380.986;60.9627;2003.27
8;209.473;-178.658;1944.55
0;203.991;286.121;2070.6
4;-206.235;221.718;1888.19
13;116.493;-1228.93;1375.34
6;-45.9244;470.166;1776.02
9;94.0746;-414.696;1885.67
11;105.503;-829.795;1625.5
2;30.4152;63.6779;1994.4
1;203.617;63.8654;1999.43
5;535.778;246.065;1869.17
14;505.603;-1293.12;1550.71
7;265.071;402.158;1826.24
10;320.606;-414.451;1892.24
12;414.918;-862.398;1718.13
3;376.819;64.0528;2004.45
8;205.479;-175.354;1944.19
0;200.926;287.681;2071.02
4;-208.113;218.856;1880.09
13;48.4507;-1232.82;1387.38
6;-57.0453;471.027;1763.59
9;91.3182;-411.877;1883
11;69.4642;-830.397;1630.33
2;27.5954;66.0786;1993.63
1;200.769;65.9918;1999.83
5;527.893;249.534;1863.09
14;482.357;-1291.6;1538.8
7;268.529;419.574;1812.54
10;317.813;-411.99;1891.1
12;401.698;-860.421;1711.5
3;373.943;65.9051;2006.03
8;202.667;-172.971;1943.44
0;195.904;285.604;2070.74
4;-212.552;216.424;1873.05
13;-16.3962;-1233.34;1394.47
6;-70.8734;473.526;1753.12
9;87.1219;-411.731;1879.4
11;34.3479;-830.588;1632.18
2;22.7698;65.8321;1991.42
1;195.866;65.5114;1999.47
5;521.951;251.769;1857.55
14;459.103;-1291.23;1526.62
7;271.618;431.623;1798.42
10;313.515;-412.151;1889.93
12;387.736;-860.309;1704.71
3;368.963;65.1906;2007.51
8;198.092;-173.215;1942.07
0;192.057;283.519;2071.6
4;-216.773;215.207;1864.53
13;-52.1607;-1239.87;1407.46
6;-86.6196;478.422;1744.55
9;84.8332;-412.031;1875.34
11;14.9932;-834.068;1636.81
2;19.7496;64.7417;1990.26
1;192.815;64.4392;1999.1
5;518.478;243.386;1854.29
14;442.773;-1293.59;1522.19
7;273.083;428.741;1788.15
10;311.186;-412.427;1886.9
12;378.269;-861.646;1700.97
3;365.88;64.1366;2007.95
8;195.412;-173.895;1940.11
0;186.595;284.04;2070.53
4;-222.4;213.094;1857.76
13;-105.862;-1239.33;1422.74
6;-93.7791;479.495;1740.75
9;81.9699;-412.29;1873.67
11;-13.7877;-833.921;1643.78
2;16.3167;64.3062;1989.04
1;189.372;64.1281;1998.18
5;519.724;235.196;1854.17
14;399.303;-1294.36;1511.81
7;267.819;409.489;1785.1
10;308.31;-412.523;1885.61
12;354.698;-862.087;1695.05
3;362.428;63.95;2007.32
8;192.256;-174.139;1938.91
0;180.698;286.125;2071.5
4;-226.695;209.541;1854.38
13;-133.271;-1242.4;1439.45
6;-101.7;477.36;1735.49
9;79.5427;-410.233;1871.29
11;-28.9508;-834.477;1651.14
2;12.3356;65.8434;1987.91
1;185.256;65.6681;1999.17
5;523.367;224.101;1856.09
14;381.368;-1292.03;1506.99
7;258.498;379.906;1790.76
10;305.705;-410.462;1886.02
12;344.278;-859.888;1692.79
3;358.176;65.4929;2010.44
8;188.94;-172.34;1938.92
0;174.529;287.676;2073.48
4;-231.345;204.764;1853.2
13;-173.95;-1240.77;1458.49
6;-105.76;470.009;1730.03
9;75.2489;-407.697;1868.65
11;-51.7938;-832.401;1659.55
2;6.11316;67.4622;1987.82
1;178.955;67.6175;2000.27
5;522.185;215.553;1858.06
14;378.633;-1288.76;1504.61
7;246.171;354.987;1804.45
10;301.309;-407.494;1884.93
12;340.729;-856.769;1691.04
3;351.797;67.7728;2012.73
8;183.617;-169.989;1938.53
0;166.613;286.008;2071.96
4;-240.178;199.382;1853.08
13;-195.379;-1245.36;1474.81
6;-101.776;454.621;1723.24
9;68.9647;-407.798;1867.53
11;-65.7986;-834.79;1667.32
2;-0.486895;67.3615;1986.56
1;172.326;67.5121;1999.48
5;520.085;209.276;1859.55
14;340.704;-1288.61;1499.29
7;235.135;335.538;1816.29
10;294.988;-407.601;1884.43
12;318.294;-856.743;1688.08
3;345.14;67.6627;2012.4
8;177.151;-170.094;1937.73
0;158.816;281.385;2065.18
4;-248.613;190.68;1851.65
13;-166.214;-1257.52;1464.51
6;-95.404;434.149;1720.54
9;43.0746;-412.557;1871.62
11;-63.6215;-843.324;1664.07
2;-3.75912;67.9881;1976.07
1;168.817;60.6575;1987.87
5;516.538;200.66;1859.12
14;394.425;-1278.25;1473.78
7;230.715;330.476;1827.18
10;268.787;-422.145;1887.04
12;332.838;-858.592;1676.36
3;341.393;53.3269;1999.66
8;162.374;-178.347;1933.6
0;152.225;279.283;2061.81
4;-256.808;179.34;1849.83
13;-184.963;-1258.55;1461.92
6;-92.1542;414.935;1720.27
9;29.8743;-415.541;1872.87
11;-79.6505;-845.308;1663.36
2;-17.0363;65.0024;1979.07
1;155.695;57.874;1989.86
5;511.267;199.329;1856.06
14;390.216;-1275.85;1461.27
7;228.074;336.194;1830.87
10;255.79;-424.864;1886.98
12;324.321;-858.702;1669.95
3;328.427;50.7455;2000.65
8;149.264;-181.164;1934.89
0;145.051;274.421;2060.14
4;-261.413;169.162;1846.42
13;-193.02;-1258.38;1451.26
6;-86.2962;398.203;1721.39
9;21.0229;-419.499;1872.2
11;-88.0968;-847.163;1657.6
2;-27.1636;60.8252;1979.68
1;145.618;54.0852;1990.62
5;503.125;200.168;1852.04
14;364.017;-1274.83;1445.05
7;227.019;351.995;1827.75
10;247.004;-428.315;1886.5
12;306.658;-859.873;1661.45
3;318.4;47.3452;2001.55
8;139.816;-184.911;1934.98
0;137.668;269.832;2060.29
4;-266.212;156.582;1844.71
13;-196.8;-1259.61;1444.82
6;-79.1983;377.072;1724.76
9;15.7064;-423.554;1872.76
11;-92.6302;-849.781;1654.6
2;-35.0939;56.2025;1981.97
1;137.824;50.6755;1991.55
5;496.557;201.085;1845.01
14;346.477;-1275.34;1435.71
7;235.174;373.712;1814.94
10;241.865;-430.783;1885.3
12;295.197;-861.343;1656.1
3;310.741;45.1484;2001.14
8;133.305;-188.247;1935.29
0;131.69;267.565;2060.86
4;-267.609;150.792;1841.35
13;-161.974;-1267.89;1441.21
6;-70.3324;365.676;1729.49
9;13.0667;-426.382;1874.11
11;-76.1698;-855.388;1653.42
2;-40.2037;52.8542;1984.63
1;132.843;48.6231;1992.38
5;490.275;204.544;1839
14;345.721;-1275.71;1432.73
7;243.038;394.514;1798.12
10;239.395;-431.916;1884.25
12;293.601;-862.084;1654.06
3;305.89;44.3919;2000.13
8;129.537;-190.263;1935.78
0;128.925;265.812;2059.64
4;-270.304;144.398;1840.17
13;-149.795;-1272.82;1441.62
6;-66.2245;356.278;1739.94
9;13.2286;-429.449;1876.44
11;-69.8815;-859.405;1654.77
2;-42.1906;49.3434;1987.93
1;130.979;46.6238;1992.52
5;489.638;203.275;1834.49
14;370.09;-1274.79;1433.69
7;255.647;407.415;1781.1
10;239.718;-433.006;1882.45
12;306.182;-862.149;1653.67
3;304.149;43.9041;1997.12
8;128.726;-192.302;1935.99
0;126.311;265.876;2059.54
4;-271.658;138.704;1839.08
13;-100.031;-1279.13;1439.76
6;-63.3971;350.745;1750.84
9;13.3535;-430.258;1877.38
11;-44.4503;-863.017;1654.28
2;-43.6995;47.8208;1991.14
1;129.534;46.3673;1992.83
5;490.312;201.636;1829.73
14;418.251;-1269.94;1442.13
7;263.627;412.663;1764.33
10;239.927;-432.159;1879.59
12;330.837;-859.261;1656.57
3;302.768;44.9138;1994.52
8;128.087;-192.421;1935.66
0;123.899;266.887;2059.48
4;-270.339;132.858;1835.54
13;-76.5404;-1285.77;1446.48
6;-63.5102;352.533;1761.45
9;14.1884;-429.796;1876.51
11;-32.0655;-866.173;1657.28
2;-44.8186;47.3061;1993.34
1;128.43;47.1872;1992.42
5;494.646;195.815;1826.36
14;455.395;-1270.08;1459.57
7;266.461;402.373;1751.64
10;240.78;-429.951;1875.31
12;350.192;-858.252;1663.36
3;301.678;47.0683;1991.5
8;127.957;-191.343;1934.17
0;123.197;272.678;2058.95
4;-267.178;131.934;1833.26
13;-75.73;-1287.51;1454.53
6;-61.2376;357.979;1767.34
9;21.2381;-427.114;1875.35
11;-28.1966;-865.747;1660.82
2;-43.5625;48.5211;1994.93
1;129.661;50.8538;1992.66
5;500.314;184.409;1823.66
14;459.713;-1274.38;1474.94
7;268.305;384.4;1744.51
10;247.798;-424.063;1872.38
12;355.833;-857.557;1669.76
3;302.885;53.1864;1990.39
8;132.089;-187.367;1933.26
0;123.259;272.897;2058.69
4;-264.089;130.965;1829.62
13;-30.469;-1283.92;1443.32
6;-61.1444;362.545;1769.51
9;24.592;-427.274;1877.55
11;-3.47833;-863.995;1656.18
2;-42.8046;48.1208;1996.72
1;130.384;51.7613;1992.97
5;509.157;168.21;1823.82
14;504.043;-1266.75;1487.47
7;269.435;359.958;1744.58
10;251.105;-422.512;1872.64
12;380.054;-852.909;1676.28
3;303.572;55.4018;1989.22
8;134.116;-186.566;1934.03
0;123.923;278.015;2063.57
4;-262.052;129.475;1824.82
13;30.4477;-1277.89;1439.59
6;-63.1542;365.775;1766.8
9;28.211;-423.072;1878.54
11;29.3512;-858.86;1654.76
2;-41.8748;51.5325;1999.33
1;131.31;56.1246;1995.75
5;516.57;146.109;1823.91
14;522.528;-1261.45;1497.66
7;270.509;330.619;1749.26
10;254.719;-417.066;1873.86
12;391.249;-847.534;1682.07
3;304.494;60.7167;1992.17
8;136.387;-181.972;1935.98
0;127.231;278.677;2061.01
4;-260.033;125.737;1820.41
13;88.5341;-1270.76;1428.78
6;-65.1592;363.553;1757.52
9;36.58;-423.503;1878.77
11;63.0664;-855.44;1649.36
2;-37.9085;51.0001;1997.26
1;135.259;56.8759;1994.9
5;525.279;125.553;1824.97
14;555.416;-1257.24;1511.12
7;275.505;306.918;1755.64
10;263.066;-415.818;1875.68
12;412.107;-844.776;1689.82
3;308.427;62.7516;1992.53
8;142.541;-181.392;1936.06
0;128.748;277.257;2059.73
4;-258.522;120.865;1814.7
13;108.238;-1266.53;1416.76
6;-72.7872;364.549;1745.56
9;45.6503;-425.162;1878.71
11;77.5575;-854.095;1643.21
2;-34.4429;48.7517;1995.84
1;138.662;56.4354;1994.41
5;527.634;106.277;1822.99
14;570.384;-1253.23;1508.5
7;274.669;287.586;1764.23
10;272.054;-415.112;1876.84
12;424.144;-842.386;1689.06
3;311.767;64.1191;1992.98
8;148.757;-181.851;1936.09
0;131.748;274.508;2060.09
4;-257.268;109.434;1810.35
13;161.257;-1297.27;1480.81
6;-76.5955;353.09;1730.86
9;52.448;-427.834;1880.15
11;114.228;-875.52;1687.94
2;-30.7274;46.1916;1994.69
1;142.352;54.5154;1995.21
5;529.31;93.6339;1822
14;620.961;-1237.4;1513.27
7;278.235;280.118;1769.01
10;278.818;-416.948;1880.83
12;453.244;-835.219;1693.44
3;315.431;62.8393;1995.74
8;153.992;-183.938;1937.85
0;137.45;270.367;2059.27
4;-255.639;94.2193;1805.68
13;190.292;-1322.55;1541.29
6;-73.6994;335.017;1719.61
9;59.0104;-431.391;1879.54
11;131.937;-892.946;1728.44
2;-25.0675;42.9863;1992.02
1;147.99;51.0209;1995.13
5;531.15;86.3126;1821.51
14;653.988;-1231.04;1518.09
7;289.737;284.918;1768.92
10;285.353;-420.883;1883.6
12;473.284;-833.902;1697.26
3;321.048;59.0556;1998.23
8;160.086;-187.558;1938.35
0;142.69;265.013;2058.86
4;-252.321;78.1099;1801.84
13;203.007;-1344.34;1594.09
6;-68.8291;317.02;1714.54
9;64.4359;-436.376;1878.42
11;137.419;-907.818;1761.8
2;-20.3895;38.0821;1990.04
1;152.646;46.0211;1994.71
5;533.073;81.6551;1820.76
14;665.45;-1234.99;1521.21
7;303.699;291.155;1761.96
10;290.749;-425.993;1884.52
12;481.773;-838.42;1699.3
3;325.681;53.9601;1999.37
8;165.119;-192.582;1938.09
0;147.947;260.998;2060.67
4;-248.16;64.0524;1798.43
13;205.723;-1360.62;1638.23
6;-54.0036;295.2;1712.29
9;68.8288;-439.898;1876.92
11;136.151;-918.102;1787.64
2;-15.8972;34.1212;1990.48
1;157.152;42.0232;1995.1
5;536.037;82.8238;1816.89
14;659.481;-1241.19;1514.43
7;322.872;304.1;1749.93
10;295.161;-429.563;1882.96
12;480.893;-843.334;1695.08
3;330.202;49.9253;1999.71
8;169.574;-196.354;1937.52
0;152.849;257.162;2065.56
4;-240.586;56.5292;1792.22
13;203.606;-1372.41;1673.57
6;-44.1948;286.14;1713.94
9;73.2903;-442.063;1874.32
11;132.554;-924.779;1806.09
2;-10.9961;30.6454;1993.43
1;162.077;38.5784;1997.17
5;537.513;84.4054;1812.45
14;647.905;-1250.63;1511.27
7;334.126;312.309;1738.02
10;299.653;-431.687;1879.21
12;477.193;-849.186;1691.63
3;335.15;46.5115;2000.91
8;174.274;-199.148;1936.96
0;155.585;257.238;2062
4;-234.287;50.2606;1788.6
13;199.007;-1382.97;1708.55
6;-36.0054;281.736;1718.99
9;77.671;-445.332;1877.96
11;128.346;-931.014;1825.73
2;-7.8968;28.0402;1993.46
1;165.159;36.7097;1996.16
5;539.762;81.7101;1808.72
14;644.621;-1249.59;1499.17
7;342.817;313.034;1726.85
10;304.011;-433.993;1881.49
12;477.656;-849.786;1686.58
3;338.215;45.3792;1998.86
8;178;-201.477;1937.94
0;157.823;259.755;2065.73
4;-228.139;51.6314;1785.31
13;190.688;-1385.46;1735.01
6;-28.9132;286.303;1722.2
9;79.2564;-442.275;1878.54
11;121.771;-929.886;1838.41
2;-5.69796;30.8482;1995.57
1;167.372;39.2166;1998.57
5;542.386;77.3489;1806.38
14;641.28;-1249.63;1501.2
7;346.776;307.782;1719.72
10;305.615;-431.33;1882.47
12;476.738;-848.5;1688.09
3;340.442;47.585;2001.57
8;179.904;-198.793;1939.54
0;158.263;259.926;2066.59
4;-223.567;59.3162;1783.15
13;181.244;-1387.99;1755.63
6;-27.4393;297.744;1722.09
9;79.8004;-440.55;1877.74
11;115.013;-929.409;1846.77
2;-4.70798;32.6379;1994.87
1;168.352;40.5004;1999.25
5;542.195;67.1741;1805.69
14;657.729;-1247.91;1515.73
7;344.243;294.19;1714.88
10;306.146;-430.266;1883.47
12;485.385;-847.102;1695.99
3;341.413;48.3629;2003.62
8;180.663;-197.454;1939.93
0;158.561;258.838;2062.51
4;-218.291;72.1644;1778.57
13;171.036;-1392.59;1772.29
6;-26.968;314.247;1719.06
9;79.2056;-441.861;1876.59
11;108.109;-931.524;1852.57
2;-4.57132;32.2007;1990.66
1;168.447;39.3034;1997.12
5;540.09;55.5816;1806.84
14;651.832;-1246.93;1505.08
7;333.268;276.324;1717.62
10;305.496;-432.572;1885.04
12;482.06;-847.733;1691.33
3;341.465;46.4061;2003.58
8;180.399;-198.957;1938.97
0;159.647;260.943;2065.98
4;-213.136;84.5786;1775.78
13;161.106;-1391.1;1784.03
6;-27.2588;331.458;1715.1
9;78.2825;-437.798;1873.44
11;101.857;-927.978;1854.73
2;-4.16142;35.9231;1989.86
1;168.815;42.0683;1998.1
5;538.054;46.796;1806.42
14;662.947;-1244.11;1515.68
7;324.922;264.953;1724.18
10;304.519;-429.761;1884.22
12;487.247;-844.921;1696.34
3;341.792;48.2134;2006.34
8;180.108;-195.855;1938.46
0;160.538;263.501;2062.21
4;-208.584;96.8007;1772.89
13;167.081;-1259.3;1380.66
6;-24.8452;342.852;1710.56
9;78.1275;-436.035;1872.56
11;123.476;-855.739;1621.79
2;-3.40264;38.8428;1984.82
1;169.395;43.904;1996.37
5;531.512;40.8875;1803.2
14;615.49;-1253.21;1501.01
7;315.465;260.644;1733.07
10;304.129;-429.416;1887.67
12;462.862;-849.388;1690.55
3;342.192;48.9651;2007.92
8;180.262;-194.411;1938.24
0;164.096;265.462;2060.32
4;-206.287;102.405;1771.44
13;125.952;-1258.79;1376.52
6;-19.5391;346.165;1709.24
9;78.8934;-434.077;1870.17
11;102.884;-854.518;1618.51
2;-0.467552;41.2539;1982.09
1;172.325;45.3574;1994.35
5;525.76;39.4404;1799.6
14;608.027;-1258.53;1504.22
7;314.319;266.273;1736.38
10;304.889;-428.71;1886.21
12;459.43;-851.757;1691.47
3;345.118;49.4608;2006.61
8;182.108;-193.018;1936.27
0;165.428;267.888;2059.38
4;-203.646;100.207;1768.21
13;65.5259;-1254.41;1372.04
6;-16.2376;343.935;1711.99
9;79.2441;-431.967;1868.74
11;72.2505;-851.253;1615.52
2;0.919039;43.9141;1979.06
1;173.543;47.1052;1993.68
5;519.878;43.218;1794.3
14;541.175;-1269.33;1489.9
7;317.268;278.954;1735.23
10;305.019;-427.794;1887.86
12;425.412;-856.811;1684.98
3;346.166;50.2962;2008.3
8;182.837;-191.388;1935.99
0;167.812;270.449;2059.41
4;-201.816;94.6079;1765.6
13;35.1768;-1253.91;1375.55
6;-9.03168;337.159;1717.71
9;77.5642;-428.881;1867.81
11;55.955;-849.486;1616.85
2;2.00885;47.3051;1978.73
1;174.615;49.3402;1993.89
5;510.445;42.1055;1787.15
14;515.127;-1273.26;1484.94
7;330.64;292.783;1729.43
10;303.316;-426.219;1887.64
12;411.298;-858.043;1682.34
3;347.22;51.3752;2009.05
8;182.527;-189.105;1935.81
0;168.445;273.727;2058.93
4;-198.402;86.3074;1760.8
13;-21.5024;-1252.55;1386.54
6;-9.43298;334.989;1722.83
9;75.9598;-425.745;1866.22
11;26.2732;-847.252;1621.68
2;1.84359;50.5086;1977.84
1;174.394;51.8091;1993.77
5;502.227;38.049;1780.08
14;482.996;-1279.39;1486.15
7;340.511;300.36;1721.04
10;301.639;-424.044;1887.06
12;394.096;-860.105;1682.67
3;346.945;53.1097;2009.7
8;181.597;-186.543;1935.2
0;168.688;274.151;2058.68
4;-192.702;78.6579;1754.89
13;-89.0722;-1246.81;1397.29
6;-11.3453;335.383;1725.76
9;73.8868;-425.198;1865.85
11;-9.19032;-844.058;1626.97
2;1.62687;51.6555;1976.11
1;173.996;51.8772;1993.88
5;494.612;34.5228;1773.54
14;440.256;-1281.54;1475.41
7;346.636;303.983;1711.11
10;299.329;-424.908;1889.08
12;371.174;-861.624;1678.19
3;346.366;52.099;2011.64
8;180.302;-186.588;1935.67
0;167.243;275.777;2059.57
4;-187.342;67.8344;1748.45
13;-116.733;-1248.31;1408.21
6;-19.1945;333.551;1724
9;69.1238;-423.423;1865.28
11;-25.6267;-843.955;1632.26
2;-0.473954;53.5837;1976.57
1;171.883;52.7606;1994.51
5;489.314;21.7553;1770.77
14;417.981;-1286.18;1478.46
7;346.846;294.255;1703.73
10;294.549;-424.499;1888.74
12;357.475;-863.785;1679.58
3;344.239;51.9374;2012.45
8;176.859;-185.6;1935.76
0;165.103;278.3;2059
4;-183.168;58.9194;1742.22
13;-142.774;-1251.27;1424.55
6;-29.5126;333.328;1716.8
9;54.5495;-419.112;1865.07
11;-46.0469;-843.349;1640.49
2;-6.04982;58.8909;1977.01
1;166.295;54.931;1994.41
5;479.66;3.87652;1768.38
14;428.424;-1285.57;1484.73
7;341.757;278.181;1698.64
10;279.96;-424.292;1887.83
12;355.647;-863.376;1682.33
3;338.641;50.9711;2011.81
8;166.775;-183.386;1935.43
0;162.473;280.304;2060.21
4;-178.579;44.9646;1735.09
13;-145.556;-1256.24;1435.04
6;-43.1948;327.163;1703.89
9;41.7381;-414.985;1863.55
11;-53.7453;-843.859;1645.09
2;-11.7908;63.6542;1976.34
1;160.375;56.9073;1994.58
5;472.335;-19.06;1771.68
14;367.056;-1286.43;1474.39
7;329.936;252.487;1702.5
10;266.914;-423.81;1887.4
12;317.966;-863.578;1676.85
3;332.54;50.1605;2012.82
8;157.35;-181.245;1935.03
0;158.102;282.324;2053.3
4;-173.81;30.0003;1728.54
13;-166.395;-1255.7;1444.24
6;-53.5981;318.759;1692.56
9;24.5649;-411.811;1866.76
11;-72.7874;-842.029;1651.36
2;-19.0159;69.2606;1972.89
1;152.808;58.9282;1992.42
5;456.151;-44.0333;1774.78
14;358.084;-1278.66;1461.2
7;312.469;229.253;1714.47
10;249.294;-425.324;1892.31
12;304.756;-860.356;1672.53
3;324.632;48.5959;2011.96
8;144.869;-179.82;1935.98
0;152.745;282.601;2049.85
4;-167.415;10.0148;1724.26
13;-164.272;-1258.43;1446.67
6;-59.402;303.141;1679.93
9;10.6579;-409.168;1865.5
11;-78.5218;-842.123;1651.98
2;-27.3371;73.1325;1968.42
1;144.002;60.3747;1990.55
5;436.566;-68.5196;1776.86
14;333.13;-1277.54;1456.59
7;296.458;208.755;1724.83
10;234.753;-425.853;1894.45
12;284.906;-860.045;1671.23
3;315.342;47.6169;2012.69
8;133.354;-178.568;1935.26
0;146.858;280.897;2048.13
4;-161.195;-15.4948;1722.11
13;-199.588;-1259.13;1456.91
6;-69.6212;280.711;1662.92
9;1.52057;-408.177;1859.54
11;-101.005;-841.994;1654.28
2;-33.4804;74.3109;1962.89
1;137.115;59.5759;1989
5;419.296;-81.7511;1775.92
14;318.242;-1280.79;1457.35
7;283.984;200.072;1732.52
10;224.643;-427.449;1893.69
12;272.36;-862.486;1671.24
3;307.711;44.8408;2015.11
8;125.099;-179.118;1932.81
0;141.941;280.005;2049.78
4;-152.088;-43.7464;1721.04
13;-206.82;-1261.54;1459.21
6;-71.5292;252.792;1650.4
9;-7.90089;-407.022;1856.09
11;-109.311;-842.656;1653.76
2;-38.8555;75.3773;1961.21
1;131.382;58.7805;1988.71
5;399.156;-83.3734;1767.95
14;292.554;-1286.83;1461.97
7;274.751;204.118;1734.37
10;214.754;-428.729;1892.05
12;254.416;-866.191;1672.79
3;301.62;42.1836;2016.2
8;117.404;-179.547;1931.39
0;135.557;280.673;2048.12
4;-143.04;-69.8722;1723.03
13;-238.029;-1253.96;1455.84
6;-67.9577;224.802;1638.96
9;-18.6801;-405.796;1855.42
11;-130.505;-838.193;1651.71
2;-46.5246;76.6168;1961.44
1;123.856;59.1591;1987.64
5;379.583;-80.1912;1759.48
14;289.683;-1294.04;1476.12
7;265.655;212.305;1722.82
10;204.161;-428.629;1889.69
12;247.76;-869.818;1678.85
3;294.237;41.7015;2013.84
8;108.298;-179.027;1930.1
0;127.497;277.715;2047.8
4;-137.023;-98.9375;1728.03
13;-241.176;-1255.59;1452.6
6;-60.6244;189.852;1628.06
9;-30.6251;-407.058;1856.51
11;-137.965;-839.641;1650.59
2;-56.7487;75.0361;1964.47
1;114.182;57.7684;1986.74
5;363.788;-74.0993;1749.25
14;251.861;-1297.9;1473.85
7;263.815;221.307;1702.87
10;192.935;-429.642;1885.64
12;222.976;-872.283;1675.71
3;285.113;40.5007;2009.01
8;97.6685;-180.291;1928.91
0;118.73;274.589;2037.13
4;-134.994;-124.486;1733.52
13;-226.859;-1253.88;1432.44
6;-56.336;158.118;1619.8
9;-44.4847;-411.507;1860.75
11;-137.46;-840.953;1642.39
2;-67.3919;72.2625;1961.4
1;103.736;54.6112;1981.98
5;351.415;-69.0378;1738.12
14;253.237;-1292.76;1457.68
7;262.745;224.057;1671.89
10;179.334;-434.593;1887.66
12;217.01;-872.089;1668.45
3;274.864;36.96;2002.55
8;85.5802;-184.22;1928.09
0;110.64;271.114;2031.28
4;-135.494;-143.742;1736.76
13;-211.814;-1254.54;1415.48
6;-46.9601;130.819;1615.82
9;-55.1594;-416.128;1861.23
11;-135.023;-843.553;1633.99
2;-75.7469;68.6724;1957.42
1;95.3725;50.4729;1977.75
5;337.212;-70.5183;1726.55
14;264.077;-1289.5;1445.31
7;266.079;219.273;1634.66
10;168.648;-439.931;1887.82
12;217.298;-873.046;1662.22
3;266.492;32.2733;1998.08
8;76.0584;-188.778;1926.13
0;102.886;269.086;2028.36
4;-135.743;-158.375;1738.88
13;-196.766;-1256.1;1402.12
6;-42.1004;111.238;1611.07
9;-64.5228;-420.324;1860.69
11;-131.941;-846.406;1626.91
2;-85.4899;64.7044;1955.81
1;85.8907;47.0545;1974.35
5;327.111;-77.7551;1719.77
14;282.936;-1286.23;1436.7
7;267.831;204.68;1600.3
10;159.626;-443.408;1884.94
12;222.49;-873.083;1656.42
3;257.271;29.4046;1992.89
8;66.7212;-192.406;1923.58
0;95.0453;266.475;2027.4
4;-135.873;-166.688;1737.44
13;-190.199;-1255.4;1389.83
6;-41.7087;99.2636;1601.78
9;-69.524;-423.692;1859.47
11;-131.045;-847.702;1620.05
2;-92.103;61.1815;1955.1
1;79.5529;44.4445;1971.84
5;320.055;-94.875;1718.38
14;286.092;-1283.16;1424.92
7;267.102;175.829;1572
10;154.985;-445.582;1881.37
12;221.824;-872.584;1648.67
3;251.209;27.7076;1988.58
8;61.1417;-195.096;1921.13
0;86.1033;269.808;2026.94
4;-137.44;-167.851;1729.73
13;-192.243;-1259.13;1393.25
6;-42.0236;94.5298;1590.47
9;-70.2655;-423.48;1856.04
11;-132.45;-849.496;1620.11
2;-98.5908;61.0798;1951.61
1;73.0363;46.0256;1970.09
5;317.025;-115.936;1721.2
14;287.263;-1277.59;1418.13
7;256.788;145.289;1560.44
10;154.206;-443.169;1880.21
12;222.039;-868.561;1644.64
3;244.663;30.9713;1988.57
8;57.5033;-193.649;1919.11
0;79.0754;273.285;2027.69
4;-147.729;-167.432;1724.37
13;-188.2;-1260.59;1396.07
6;-49.2716;86.3162;1572.67
9;-72.5208;-421.378;1854.26
11;-131.495;-849.212;1620.68
2;-104.752;62.8304;1950.41
1;66.9345;49.0292;1969.39
5;315.504;-140.462;1732.1
14;326.022;-1269.34;1424.17
7;243.66;111.08;1562.35
10;152.028;-439.429;1879.1
12;240.731;-862.522;1647.18
3;238.621;35.228;1988.38
8;53.3441;-190.687;1918.04
0;73.6786;275.055;2016.12
4;-151.436;-166.672;1720.22
13;-150.688;-1265.56;1394.65
6;-58.8086;75.0871;1547.81
9;-69.5735;-423.121;1853.24
11;-110.926;-852.599;1619.45
2;-107.439;62.6031;1938.56
1;63.4426;50.1362;1963.73
5;310.67;-163.287;1746.11
14;341.49;-1257.16;1414.48
7;225.71;83.0078;1576.56
10;153.922;-439.427;1886.17
12;249.545;-856.313;1645.7
3;234.324;37.6694;1988.91
8;52.8085;-190.569;1916.72
0;69.5022;279.49;2010.3
4;-164.735;-160.828;1711.62
13;-133.171;-1271.39;1403.4
6;-65.4073;57.7685;1520.47
9;-68.0867;-421.888;1851.7
11;-101.267;-854.969;1623.16
2;-109.677;64.4179;1932.05
1;60.7639;52.9252;1960.63
5;308.315;-181.657;1764.08
14;347.673;-1251.34;1413.01
7;215.645;62.1776;1594.42
10;154.833;-436.919;1889.09
12;253.144;-852.112;1646.38
3;231.204;41.4325;1989.21
8;52.0685;-188.239;1915.51
0;66.4351;281.493;2002.9
4;-172.881;-152.909;1704.82
13;-138.72;-1268.36;1397.42
6;-70.8279;35.6374;1493.1
9;-60.0427;-423.057;1851.8
11;-100.153;-853.994;1620.16
2;-109.208;63.461;1926.11
1;61.0096;54.6078;1956.97
5;308.139;-188.84;1777.57
14;362.214;-1249.17;1418.68
7;207.655;55.1474;1611.82
10;162.585;-434.636;1892.16
12;264.357;-849.888;1650.78
3;231.227;45.7545;1987.83
8;56.1403;-187.119;1914.48
0;66.7012;284.03;1992.67
4;-169.935;-154.953;1705.38
13;-106.08;-1262.67;1387.93
6;-75.2045;6.16301;1472.1
9;-52.7932;-424.137;1857.7
11;-79.9591;-851.623;1618.21
2;-107.308;63.1899;1921.86
1;63.005;56.8383;1952.94
5;312.067;-188.42;1786.8
14;372.461;-1245.44;1423.21
7;205.717;54.2238;1622.37
10;169.96;-432.444;1898.35
12;273.196;-846.914;1656.12
3;233.318;50.4868;1984.02
8;60.7942;-185.726;1915.48
0;68.5702;289.673;1987.56
4;-173.473;-153.473;1716.18
13;-91.5106;-1255.13;1378.96
6;-77.4374;-21.1847;1461.22
9;-45.5782;-422.865;1860.93
11;-68.9947;-847.16;1615.22
2;-104.055;64.8341;1918.85
1;66.1573;60.1391;1950.88
5;320.024;-180.714;1791.91
14;379.117;-1245.17;1432.85
7;209.568;65.1508;1631.29
10;177.042;-429.006;1902.81
12;280.061;-845.088;1663.23
3;236.369;55.444;1982.9
8;65.9447;-182.898;1916.37
0;71.3025;292.287;1986
4;-169.745;-156.743;1726.59
13;-53.1041;-1255.68;1379.89
6;-74.4294;-46.7536;1459.78
9;-38.0783;-421.659;1860.26
11;-45.7385;-846.845;1615.36
2;-99.8704;65.8169;1917.17
1;70.41;62.3625;1949.07
5;336.504;-165.35;1789.45
14;403.339;-1248.86;1451.93
7;224.884;81.157;1629.82
10;184.632;-426.177;1901.98
12;296.129;-845.582;1672.54
3;240.691;58.9081;1980.98
8;71.8434;-180.778;1915.1
0;74.802;294.884;1985.21
4;-165.873;-164.87;1741.28
13;-3.53869;-1251.41;1376.61
6;-66.6652;-66.0877;1466.29
9;-28.812;-420.482;1860.92
11;-15.9276;-844.091;1614.02
2;-94.3603;66.4762;1918.32
1;76.3615;64.6421;1947.85
5;351.252;-148.173;1784.21
14;407.372;-1257.62;1469.56
7;242.183;94.4075;1621.24
10;194.475;-422.881;1899.54
12;303.011;-848.434;1680.33
3;247.083;62.8081;1977.37
8;79.5965;-178.52;1914.04
0;80.606;294.773;1984.32
4;-153.441;-177.432;1752.13
13;11.3187;-1247.13;1367.27
6;-51.9434;-82.2116;1476.37
9;-16.7316;-421.017;1860.68
11;-2.43144;-842.171;1609.14
2;-86.7194;65.1693;1919.44
1;84.3856;65.1417;1946.68
5;366.123;-131.586;1776.09
14;427.224;-1263.31;1485
7;265.187;105.592;1602.72
10;207.057;-421.053;1896.3
12;319.299;-850.437;1686.62
3;255.491;65.114;1973.92
8;89.7741;-177.947;1912.59
0;85.9409;295.246;1979.87
4;-140.21;-185.722;1762.55
13;52.7143;-1241.02;1361.64
6;-35.4457;-95.9707;1483.98
9;-7.68929;-421.879;1863.17
11;23.1047;-839.48;1607.49
2;-80.4665;64.1259;1920.1
1;91.0315;65.5572;1944.66
5;381.571;-120.284;1768.53
14;483.158;-1259.58;1509.6
7;288.152;107.167;1579.55
10;216.613;-420.007;1895.3
12;352.499;-848.025;1698.66
3;262.53;66.9884;1969.22
8;97.7467;-177.693;1911.95
0;91.0821;295.345;1977.64
4;-125.096;-192.864;1771.75
13;68.1224;-1230.98;1346.01
6;-20.8828;-101.927;1492.87
9;5.40691;-423.823;1866.71
11;37.3795;-835.313;1601.26
2;-73.2125;61.4941;1921.5
1;98.5301;65.3789;1943.96
5;392.293;-117.133;1765.75
14;486.4;-1262.57;1510.79
7;305.222;97.3221;1558.98
10;230.029;-418.742;1896.08
12;360.728;-848.927;1699.66
3;270.273;69.2636;1966.41
8;108.124;-177.952;1912.68
0;94.9606;294.812;1976.54
4;-112.55;-202.434;1772.87
13;102.255;-1221.63;1334.32
6;-5.09054;-102.743;1497.17
9;17.3419;-425.398;1868.44
11;60.6309;-831.319;1596.15
2;-66.3225;59.1268;1922.82
1;105.518;64.9624;1944.18
5;400.144;-120.563;1771.36
14;511.225;-1260.72;1517.03
7;317.699;72.3857;1540.9
10;242.093;-417.765;1896.37
12;379.297;-847.505;1702.98
3;277.359;70.7979;1965.53
8;117.618;-178.31;1913.29
0;101.097;292.133;1975
4;-101.781;-207.22;1769.43
13;135.389;-1211.02;1320.04
6;8.28398;-101.386;1497.92
9;30.9278;-428.427;1870.52
11;84.1823;-827.396;1589.88
2;-58.2357;55.4209;1922.02
1;113.431;63.2236;1944.2
5;399.064;-134.28;1781.19
14;538.18;-1255.91;1518
7;324.049;41.5172;1534.1
10;255.451;-418.222;1899.52
12;399.588;-845.281;1705.02
3;285.098;71.0263;1966.37
8;128.31;-180.05;1914.61
0;105.212;286.799;1973.72
4;-96.395;-211.114;1761.71
13;193.95;-1257.41;1397.93
6;17.7179;-97.1679;1495.66
9;41.7454;-433.079;1871.43
11;125.65;-860.071;1643.79
2;-52.2257;50.0166;1921.5
1;119.383;59.6131;1943.48
5;404.027;-146.636;1795.59
14;531.63;-1259;1508.13
7;327.807;2.78769;1536.16
10;266.193;-420.528;1900.17
12;401.514;-847.984;1700.31
3;290.993;69.2095;1965.45
8;136.676;-183.595;1914.64
0;108.513;281.912;1969.09
4;-94.2054;-213.558;1749.85
13;205.751;-1196.96;1300.81
6;27.1051;-91.2954;1491.46
9;52.6615;-438.496;1872.56
11;130.707;-825.165;1581.08
2;-46.4502;43.9241;1919.03
1;124.884;55.3526;1942.23
5;411.004;-165.32;1808.31
14;573.763;-1254.27;1517.99
7;323.78;-37.0064;1544.18
10;276.75;-423.548;1902.91
12;428.168;-847.055;1706.68
3;296.218;66.7811;1965.43
8;144.795;-187.835;1914.98
0;113.716;277.398;1970.78
4;-98.594;-210.286;1739.43
13;257.649;-1248.19;1380.36
6;37.6057;-91.7357;1485.21
9;59.6739;-442.329;1868.35
11;166.252;-860.792;1634.44
2;-40.8974;39.7626;1915.37
1;129.926;51.2625;1941.92
5;416.509;-177.654;1829.16
14;602.512;-1249.33;1517.23
7;317.232;-72.5143;1559.5
10;283.094;-427.288;1903.07
12;445.934;-846.368;1706.37
3;300.749;62.7624;1968.46
8;150.655;-191.773;1913.81
0;118.02;273.317;1971.64
4;-101.785;-206.157;1728.75
13;285.507;-1289.4;1453.88
6;46.271;-96.0633;1478.69
9;70.8206;-446.549;1863.65
11;183.893;-888.51;1681.8
2;-33.4387;34.7639;1910.59
1;136.448;46.9251;1942.07
5;416.264;-190.817;1841.11
14;590.07;-1246.54;1490.07
7;308.023;-92.4848;1572.77
10;293.016;-430.644;1904.81
12;444.456;-846.591;1693.38
3;306.335;59.0863;1973.54
8;159.183;-195.836;1913.15
0;122.827;272.12;1973.54
4;-104.379;-202.084;1723.36
13;273.049;-1195.37;1286.28
6;55.0424;-109.315;1473.25
9;74.7544;-448.102;1859.91
11;175.846;-829.061;1567.47
2;-28.0565;33.4091;1908.13
1;141.274;44.5195;1942.89
5;413.643;-201.9;1852.55
14;651.848;-1229.52;1501.64
7;303.854;-98.1455;1584.73
10;296.222;-433.571;1905.38
12;477.522;-839.35;1699.55
3;310.605;55.6299;1977.66
8;163.381;-198.159;1912.77
0;129.289;270.401;1968.48
4;-107.195;-200.034;1722.17
13;240.945;-1202.65;1282.29
6;67.9985;-126.285;1476.11
9;75.4672;-450.404;1859.36
11;159.828;-833.901;1565.17
2;-23.621;32.185;1904.44
1;145.447;41.9638;1940.98
5;417.818;-204.957;1849.26
14;615.131;-1221.11;1453.16
7;305.329;-91.9528;1589.24
10;296.591;-437.614;1907.14
12;458.984;-837.044;1675.7
3;314.514;51.7426;1977.51
8;165.738;-201.023;1912.11
0;134.838;273.137;1975.47
4;-109.594;-200.513;1725.58
13;279.17;-1249.06;1363.78
6;81.5112;-146.674;1485.7
9;72.7516;-447.438;1855.22
11;183.015;-864.067;1619.75
2;-21.3561;35.4279;1906.95
1;147.917;43.0305;1943.11
5;413.408;-207.983;1841.15
14;609.509;-1216.21;1434.92
7;312.648;-80.4785;1585.09
10;294.145;-437.495;1902.52
12;454.919;-834.485;1664.13
3;317.191;50.633;1979.28
8;165.683;-199.718;1910.99
0;139.455;273.057;1973.96
4;-107.292;-206.753;1734.8
13;204.728;-1203.52;1272.55
6;91.1339;-162.01;1498.14
9;69.8971;-447.48;1853.15
11;138.634;-832.913;1557.16
2;-18.8734;36.2771;1906.1
1;150.615;42.012;1941.65
5;407.71;-204.996;1840.08
14;607.186;-1208.63;1414.47
7;324.637;-72.2583;1576.3
10;291.572;-439.979;1899.64
12;452.473;-831.841;1652.3
3;320.104;47.7469;1977.19
8;165.675;-200.859;1909.02
0;144.006;272.253;1973.24
4;-99.1477;-213.881;1745.43
13;242.958;-1252.2;1354.94
6;101.073;-174.934;1510.28
9;63.3014;-447.835;1852.4
11;160.634;-865.727;1613.5
2;-17.679;37.0275;1907.4
1;152.39;40.282;1940.27
5;410.854;-200.502;1838.56
14;615.127;-1200.52;1400.4
7;337.866;-74.1048;1566.34
10;285.735;-443.579;1895.39
12;453.66;-829.471;1643.04
3;322.46;43.5365;1973.14
8;163.454;-202.713;1907.08
0;149.313;273.025;1974.86
4;-89.5726;-222.438;1755.73
13;256.845;-1288.56;1431.7
6;108.163;-177.466;1519.68
9;59.4382;-446.475;1851.63
11;164.152;-888.248;1664.4
2;-15.235;39.1111;1909.17
1;155.133;40.1883;1940.65
5;418.928;-198.757;1841.29
14;638.834;-1188.74;1396.69
7;349.016;-88.2099;1559.43
10;282.263;-445.066;1892.8
12;464.044;-824.191;1639.88
3;325.501;41.2655;1972.13
8;162.992;-202.791;1906.43
0;152.777;271.485;1973.66
4;-78.7808;-227.217;1763.87
13;257.536;-1317.89;1499.92
6;111.678;-175.363;1522.94
9;58.8201;-447.084;1852.61
11;159.105;-905.568;1707.98
2;-13.0369;38.9205;1910.55
1;157.585;39.1708;1940.74
5;424.472;-208.382;1844.64
14;655.797;-1178.97;1391.28
7;356.2;-107.408;1558.34
10;281.977;-446.756;1892.09
12;472.552;-820.042;1636.78
3;328.207;39.4211;1970.93
8;163.992;-203.875;1906.55
0;156.269;268.409;1978.09
4;-67.8978;-233.601;1768.95
13;248.089;-1340.39;1554.59
6;110.05;-173.562;1521.18
9;57.2603;-448.004;1850.82
11;147.494;-917.793;1739.74
2;-10.9758;37.8205;1914.29
1;159.94;36.7217;1942.76
5;428.727;-217.203;1853.84
14;671.124;-1174.58;1389.22
7;353.666;-122.107;1566.66
10;280.801;-449.442;1888.05
12;479.789;-819.12;1633.75
3;330.855;35.6229;1971.22
8;164.485;-206.001;1906.1
0;159.515;262.871;1980.8
4;-55.9469;-237.296;1770.98
13;234.605;-1359.41;1599.51
6;104.886;-172.424;1514.52
9;56.3021;-450.845;1848.96
11;134.519;-928.125;1763.71
2;-9.13063;34.9107;1915.93
1;161.921;32.7506;1943.57
5;433.365;-224.609;1862.43
14;678.69;-1172.85;1383.88
7;344.952;-128.952;1580.59
10;280.02;-453.671;1885.11
12;483.263;-820.311;1629.58
3;332.972;30.5906;1971.2
8;165.041;-209.754;1905.3
0;164.321;261.306;1983.18
4;-46.4661;-239.643;1771.5
13;219.617;-1371.69;1637.95
6;103.307;-173.128;1508.22
9;55.768;-450.934;1848.8
11;121.976;-933.115;1783.23
2;-5.94623;35.0062;1917.99
1;165.152;31.4754;1945.21
5;436.189;-228.312;1867.22
14;649.552;-1180.97;1371.05
7;339.418;-127.579;1593.05
10;279.548;-455.552;1884.41
12;468.177;-825.374;1622.7
3;336.25;27.9446;1972.44
8;166.405;-210.884;1905.91
0;170.535;259.632;1983.35
4;-39.2254;-240.822;1769.74
13;209.144;-1382.19;1666.66
6;107.889;-175.205;1505.31
9;60.1298;-452.182;1845.64
11;115.295;-937.545;1795.01
2;0.475246;33.927;1915.55
1;171.157;29.2561;1945.05
5;440.601;-233.654;1864.11
14;660.29;-1178.11;1367.48
7;336.828;-112.724;1602.81
10;283.365;-458.291;1884.22
12;475.523;-825.26;1620.78
3;341.839;24.5853;1974.55
8;171.452;-212.99;1904.99
0;178.31;260.212;1983.35
4;-37.6021;-239.403;1769.86
13;196.646;-1388.66;1693.51
6;117.823;-171.178;1511.65
9;62.0045;-451.58;1846.05
11;107.474;-938.996;1806.8
2;5.71192;34.9943;1915.54
1;176.316;29.1221;1945.33
5;443.81;-239.834;1858.55
14;658.316;-1177.12;1362.55
7;340.402;-88.4391;1610.65
10;285.138;-459.26;1885.01
12;475.386;-825.23;1618.66
3;346.921;23.25;1975.12
8;174.944;-213.149;1905.43
0;186.635;262.226;1988.93
4;-37.292;-238.71;1769.44
13;193.606;-1391.22;1714.39
6;128.143;-158.422;1521.45
9;72.4514;-448.671;1844.93
11;109.644;-937.409;1814.37
2;14.9252;37.6821;1915
1;184.848;31.6272;1948.28
5;453.913;-236.411;1847.79
14;640.854;-1180.42;1356.34
7;347.394;-59.3527;1619.42
10;294.693;-456.59;1888.46
12;471.167;-825.602;1617.18
3;354.77;25.5723;1981.56
8;184.21;-210.502;1907.49
0;196.142;266.601;1992.19
4;-38.644;-234.357;1765.72
13;191.326;-1392.37;1732.65
6;141.104;-134.289;1537.02
9;82.5853;-445.568;1844.77
11;112.843;-935.155;1820.88
2;24.4715;40.7316;1914.79
1;193.999;34.5484;1950.06
5;463.956;-224.205;1836.9
14;636.255;-1184.34;1358.82
7;353.065;-23.9509;1629.81
10;304.31;-453.655;1890.9
12;473.537;-826.16;1619.64
3;363.526;28.3651;1985.33
8;193.723;-207.531;1908.95
0;206.71;271.938;1992.82
4;-40.3201;-225.679;1759.86
13;189.576;-1389.23;1752.16
6;147.194;-101.815;1551.71
9;92.127;-439.097;1848.8
11;116.645;-929.229;1830.05
2;34.3865;47.3386;1918.21
1;204.085;41.194;1952.74
5;478.985;-205.6;1828.43
14;622.47;-1192.23;1368.11
7;356.791;7.56363;1638.95
10;314.076;-447.133;1893.95
12;471.296;-826.986;1625.88
3;373.783;35.0495;1987.26
8;203.593;-200.961;1912.06
0;214.253;281.439;1993.62
4;-39.6553;-211.843;1750.41
13;124.746;-1207.67;1291.2
6;146.433;-55.4463;1565.02
9;106.81;-430.988;1855.1
11;115.954;-826.946;1567.63
2;43.793;55.0971;1922.1
1;213.836;51.2101;1955.17
5;496.496;-182.792;1823.2
14;576.455;-1201.49;1372.78
7;359.287;38.6073;1649.74
10;329.209;-436.072;1898.35
12;455.256;-826.287;1630.41
3;383.879;47.3231;1988.24
8;215.923;-191.16;1915.95
0;221.725;287.377;1993.53
4;-41.3262;-192.426;1739.2
13;96.4871;-1220.23;1318.64
6;137.583;-4.98096;1578.78
9;114.943;-425.377;1857.49
11;105.534;-830.595;1582.78
2;51.284;60.9424;1922.24
1;221.527;57.5802;1954.39
5;516.751;-154.89;1820.59
14;550.137;-1215.38;1388.22
7;363.012;68.8958;1662.96
10;337.603;-429.774;1899.54
12;445.954;-830.278;1638.86
3;391.769;54.2179;1986.54
8;223.9;-184.998;1916.45
0;228.896;292.858;1993.98
4;-48.6724;-159.22;1728.59
13;80.6012;-1229.13;1341.01
6;127.506;50.0909;1594.93
9;123.531;-420.72;1859.33
11;101.645;-832.85;1595.09
2;58.8725;65.6992;1922.4
1;229.178;62.8368;1954.3
5;538.368;-122.433;1818.77
14;539.042;-1229.96;1412.6
7;365.799;102.177;1680.49
10;346.274;-424.463;1901.07
12;444.548;-835.107;1652.04
3;399.484;59.9744;1986.21
8;232.04;-179.877;1917.25
0;233.532;299.096;1998.72
4;-57.8673;-123.59;1723.3
13;70.5716;-1237.59;1371.81
6;122.422;99.5685;1617.47
9;128.459;-412.107;1861.61
11;98.9478;-832.941;1611.91
2;63.687;73.493;1930.51
1;234.813;71.1434;1957.24
5;558.653;-84.2383;1815.39
14;575.62;-1242.35;1463.29
7;363.644;134.085;1698.51
10;352.275;-415.18;1896.58
12;466.137;-836.873;1675.68
3;405.938;68.7938;1983.98
8;237.59;-171.25;1918.17
0;241.144;306.853;2007.08
4;-74.4817;-80.7611;1719.15
13;85.6144;-1245.3;1401.59
6;119.328;144.401;1641.81
9;138.34;-402.89;1862.86
11;111.46;-832.352;1627.7
2;71.7249;81.1616;1940.12
1;243.493;79.8209;1962.26
5;577.28;-42.1514;1816.18
14;534.064;-1259.45;1491.36
7;357.725;162.949;1717.61
10;362.996;-404.643;1891.83
12;450.207;-840.426;1687.67
3;415.261;78.4803;1984.41
8;247.08;-161.973;1919.8
0;244.376;313.727;2010.76
4;-90.2444;-30.3795;1719.07
13;87.3029;-1247.27;1419.27
6;128.202;182.56;1669.07
9;146.182;-397.232;1866.79
11;116.165;-830.586;1638.64
2;77.0783;86.3121;1945.2
1;249.172;86.2216;1964.99
5;593.637;4.92545;1816.08
14;509.057;-1266.93;1508.73
7;351.588;191.836;1732.18
10;371.264;-397.35;1892.67
12;441.511;-840.663;1696.94
3;421.266;86.131;1984.78
8;253.948;-155.535;1922.36
0;248.696;321.188;2018.11
4;-102.135;18.8179;1722.54
13;88.4223;-1249.24;1441.23
6;138.188;212.886;1693.17
9;150.108;-388.21;1867.11
11;118.66;-827.167;1649.99
2;80.8877;94.412;1950.89
1;253.21;94.4874;1968.84
5;603.306;51.9529;1818.54
14;494.394;-1270.7;1528.42
7;341.015;213.232;1749.15
10;375.489;-388.112;1890.59
12;436.107;-838.06;1705.96
3;425.533;94.5628;1986.8
8;258.004;-146.837;1923.85
0;254.165;321.22;2021.79
4;-108.581;60.9171;1730.78
13;87.0158;-1254.89;1457.15
6;148.374;236.908;1715.73
9;152.309;-385.149;1864.73
11;119.022;-828.548;1656.94
2;84.7161;96.8754;1953.17
1;257.3;96.7243;1968.44
5;606.64;101.464;1822.28
14;482.328;-1278.33;1542.48
7;327.175;235.359;1762.48
10;378.032;-385.346;1884.7
12;431.202;-840.592;1710.23
3;429.883;96.5733;1983.71
8;261.235;-144.262;1921.58
0;256.169;316.448;2023.62
4;-115.752;97.931;1740.89
13;86.0791;-1245.39;1443.06
6;154.924;254.607;1735.03
9;153.495;-387.496;1874.53
11;119.126;-824.855;1654.56
2;88.0886;97.1986;1947.13
1;260.822;97.0266;1960.79
5;605.858;147.76;1829.14
14;481.741;-1272.73;1528.46
7;314.647;259.537;1776.29
10;379.413;-387.721;1892.39
12;431.581;-838.901;1706.86
3;433.555;96.8545;1974.45
8;263.638;-145.291;1922.12
0;257.356;319.045;2022.03
4;-119.89;127.476;1751.94
13;46.8171;-1235.5;1434.17
6;159.607;269.465;1751.39
9;155.485;-390.467;1880.66
11;100.086;-821.27;1653.04
2;90.4621;95.9735;1940.87
1;263.14;95.8995;1955.37
5;622.073;171.086;1836.67
14;476.222;-1267.46;1514.22
7;324.825;275.039;1788.53
10;381.331;-390.564;1899.61
12;429.707;-837.611;1703.14
3;435.819;95.8255;1969.86
8;265.774;-147.308;1922.75
0;267.508;317.051;2032.23
4;-125.432;152.729;1762.97
13;25.2099;-1227.39;1424.68
6;162.022;281.777;1762
9;157.813;-392.693;1884.53
11;90.2116;-818.223;1650.1
2;93.1306;94.4652;1940.14
1;265.945;94.6239;1952.91
5;611.05;199.553;1847.83
14;470.239;-1266.28;1506.15
7;312.248;292.408;1800.61
10;383.838;-392.486;1901.22
12;427.886;-837.948;1699.81
3;438.76;94.7827;1965.67
8;268.386;-148.983;1922.89
0;267.852;316.884;2014.1
4;-125.683;169.345;1772.47
13;15.25;-1230.26;1423.83
6;164.228;296.987;1771.96
9;158.311;-394.424;1879.52
11;85.3781;-820.536;1647.21
2;95.065;92.2232;1941.24
1;267.616;91.3105;1956.94
5;630.435;211.311;1860.19
14;464.824;-1266.79;1497.61
7;328.954;299.997;1807.2
10;383.991;-395.618;1900.05
12;425.2;-839.743;1694.88
3;440.167;90.3977;1972.63
8;269.384;-151.855;1923.36
0;286.003;307.466;1990.36
4;-129.813;180.122;1780.89
13;30.7004;-1228.34;1403.33
6;161.654;305.662;1779.43
9;146.891;-401.638;1881.97
11;87.6567;-823.091;1637.95
2;104.408;87.5258;1937.9
1;276.967;79.9928;1949.45
5;620.259;221.678;1870.13
14;490.09;-1269.32;1477.3
7;321.198;308.812;1812.27
10;372.581;-411.49;1897.07
12;432.488;-848.814;1683.07
3;449.526;72.4598;1960.99
8;268.352;-163.286;1919.48
0;296.331;301.125;1982.5
4;-135.407;179.562;1789.94
13;39.8439;-1225.72;1386.9
6;151.696;314.026;1781.4
9;140.335;-405.488;1880.48
11;89.1044;-823.644;1628.85
2;109.802;84.7277;1936.22
1;282.156;72.9629;1947.96
5;645.394;218.77;1885.44
14;505.567;-1268.01;1461.19
7;347.859;308.852;1815.18
10;365.759;-420.875;1895.83
12;437.033;-852.748;1674.25
3;454.511;61.1981;1959.71
8;267.602;-170.109;1918.06
0;304.75;295.801;1981.05
4;-145.194;171.282;1798.43
13;48.3587;-1221.51;1371.14
6;132.568;322.158;1779.51
9;133.115;-407.027;1877.34
11;89.906;-822.251;1619.27
2;113.707;83.595;1935.19
1;285.64;67.6859;1948.41
5;639.706;219.89;1897.2
14;546.453;-1262.59;1456.26
7;349.583;312.718;1811.2
10;357.986;-427.835;1894.63
12;454.068;-853.398;1671.15
3;457.573;51.7768;1961.63
8;265.595;-174.872;1917.19
0;272.667;300.977;2008.2
4;-155.575;156.631;1806.17
13;15.0702;-1223.83;1356.32
6;108.61;326.676;1775.65
9;128.004;-417.393;1869.53
11;70.43;-828.518;1607.89
2;114.138;73.2768;1929.63
1;285.483;54.8752;1946.72
5;638.377;210.458;1908.08
14;598.633;-1255.26;1445.43
7;355.464;314.575;1809.67
10;352.107;-441.46;1891.88
12;477.787;-856.34;1664.27
3;456.829;36.4736;1963.81
8;262.77;-187.276;1913.71
0;258.049;296.732;2017.94
4;-169.722;132.686;1814.89
13;-57.6634;-1214.34;1368.13
6;73.4781;327.279;1771.92
9;138.132;-413.602;1858.31
11;38.3148;-821.823;1608.42
2;97.9087;71.9834;1936.78
1;269.243;61.3678;1958.3
5;651.311;183.811;1927.98
14;586.43;-1261.02;1463.77
7;386.843;304.74;1806.11
10;362.22;-427.486;1886.46
12;476.523;-852.427;1670.97
3;440.577;50.7523;1979.82
8;259.71;-179.588;1915.34
0;246.163;294.089;2016.29
4;-188.831;105.291;1825.07
13;-96.3469;-1209.77;1371.91
6;24.5283;324.372;1762.71
9;141.623;-413.531;1852.93
11;20.3048;-819.457;1607.7
2;85.0476;70.0851;1935.27
1;255.949;64.1674;1961.64
5;663.203;146.926;1951.04
14;573.156;-1258.41;1461.38
7;435.445;303.649;1810.48
10;365.144;-421.27;1887.41
12;471.189;-848.046;1670.22
3;426.849;58.2496;1988
8;254.666;-176.617;1915.9
0;236.522;292.553;2015.42
4;-205.901;82.6186;1834.59
13;-112.142;-1214.62;1377.61
6;-53.0124;334.709;1750.63
9;139.021;-414.599;1848.33
11;10.9769;-822.453;1608.35
2;74.7629;68.248;1931.88
1;245.035;64.095;1962.74
5;681.122;114.472;1976.56
14;572.08;-1255.23;1458.65
7;509.378;312.526;1817.75
10;361.72;-420.031;1888.7
12;468.962;-845.82;1669.46
3;415.307;59.942;1993.6
8;247.703;-176.61;1915.63
0;229.941;291.529;2015.95
4;-219.446;84.2996;1844.3
13;-112.425;-1223.04;1383.68
6;-175.479;349.449;1728.29
9;133.514;-414.952;1844.83
11;8.13332;-826.92;1609.73
2;66.4044;67.3131;1930.92
1;236.455;63.6312;1963.54
5;688.565;83.2413;2012.29
14;577.591;-1255.73;1464.15
7;605.576;309.092;1834.15
10;355.924;-419.768;1887.49
12;468.931;-845.946;1671.67
3;406.506;59.9493;1996.16
8;240.587;-176.864;1914.85
0;224.922;289.377;2016.21
4;-245.722;99.1457;1842.16
13;-108.565;-1229.74;1385.89
6;-346.161;318.869;1718.99
9;129.172;-416.52;1843.18
11;7.97247;-831.101;1610.05
2;60.5596;65.8309;1928.4
1;229.938;62.0325;1964.44
5;696.783;75.121;2037.16
14;587.778;-1252.76;1465.93
7;736.027;307.462;1870.99
10;350.702;-421.487;1890.32
12;471.564;-845.274;1673.97
3;399.316;58.2342;2000.48
8;234.937;-178.485;1915.6
