82               
1;920;2
0;231.071;373.069;1754.44;0.0266395;0.137995;-0.0246431;0.989768;0.7;0.7
1;216.16;108.137;1742.24;0.0266395;0.137995;-0.0246431;0.989768;0.7;0.7
2;48.7279;94.6099;1786.91;0.140778;-0.40687;0.341307;0.835552;0.7;0.7
3;383.592;121.663;1697.57;0.205561;0.1932;-0.165941;0.944924;0.7;0.7
4;-42.4514;-0.725677;1624.6;-0.362555;0.921738;-0.069735;-0.118705;0.7;0.7
5;553.995;75.8108;1612.72;0.215956;0.961678;0.152166;0.0733705;0.7;0.7
6;145.051;171.669;1553.35;0;0;0;0;0.7;0
7;253.225;222.742;1587.41;0;0;0;0;0.7;0
8;218.99;-91.9483;1692.26;0.12004;0.133502;0.0232697;0.983476;0.7;0.7
9;121.533;-300.135;1669.03;0.0556702;0.579476;-0.041902;0.812005;0.7;0.7
10;322.105;-283.931;1615.52;0.00792812;0.137223;-0.0423265;0.989604;0.7;0.7
11;67.9807;-700.172;1652.13;-0.151546;0.564597;-0.0324129;0.810687;0.7;0
12;287.386;-686.392;1613.87;-0.14037;0.147652;0.0172332;0.978876;0.7;0
13;114.037;-1069.94;1761.79;0;0;0;0;0;0
14;316.591;-1059.28;1718.64;0;0;0;0;0;0
1;921;2
0;231.659;373.074;1755.06;0.0524784;0.141073;-0.0253452;0.988282;0.7;0.7
1;214.259;106.8;1729.17;0.0524784;0.141073;-0.0253452;0.988282;0.7;0.7
2;50.3989;93.8326;1774.17;0.118945;-0.479755;0.347374;0.79688;0.7;0.7
3;378.119;119.767;1684.17;0.212502;0.0445658;-0.148412;0.964796;0.7;0.7
4;-5.17576;11.9604;1616.34;-0.352543;0.927794;-0.102614;-0.0661926;0.7;0.7
5;445.85;100.74;1673.57;0.207775;0.929751;0.15496;0.261496;0.7;0.7
6;177.688;169.691;1568.29;0;0;0;0;0.7;0
7;272.261;205.175;1579.31;0;0;0;0;0.7;0
8;218.156;-92.2931;1685.99;0.104233;0.136623;0.0241705;0.984828;0.7;0.7
9;122.195;-299.288;1670.24;-0.00113953;0.58268;-0.0212343;0.812424;0.7;0.7
10;321.911;-283.484;1615.39;0.00232235;0.138646;-0.0327039;0.989799;0.7;0.7
11;112.166;-601.318;1678.28;-0.131284;0.572431;-0.0429697;0.808233;0.7;0.7
12;295.497;-686.602;1617.2;-0.127517;0.144826;0.00936523;0.981161;0.7;0
13;147.874;-1026.15;1793.74;0;0;0;0;0.7;0
14;316.983;-1062.35;1713.35;0;0;0;0;0;0
1;922;2
0;232.484;372.132;1755.82;0.054002;0.136487;-0.0260156;0.988827;0.7;0.7
1;214.661;104.801;1728.98;0.054002;0.136487;-0.0260156;0.988827;0.7;0.7
2;51.0712;91.3414;1772.17;0.10711;-0.545213;0.327373;0.764262;0.7;0.7
3;378.25;118.26;1685.79;0.0798079;0.104342;-0.143252;0.980929;0.7;0.7
4;16.7226;22.4062;1609.8;-0.321848;0.937069;-0.122717;-0.0570663;0.7;0.7
5;451.391;97.6266;1668.03;0.163761;0.886366;-0.00853474;0.432972;0.7;0.7
6;209.612;166.938;1564.19;0;0;0;0;0.7;0
7;317.352;163.988;1487.33;0;0;0;0;0.7;0
8;219.581;-88.9787;1687.23;0.10329;0.13187;0.0264109;0.985517;0.7;0.7
9;123.661;-291.055;1672.1;0.0185263;0.578165;-0.0170422;0.815531;0.7;0.7
10;325.343;-274.461;1618.85;0.0124622;0.133329;-0.0148895;0.990882;0.7;0.7
11;103.777;-694.53;1667.85;-0.141459;0.56429;-0.032522;0.812717;0.7;0
12;312.08;-678.144;1610.48;-0.124076;0.132908;-0.00611134;0.983312;0.7;0
13;145.257;-1066.61;1771.43;0;0;0;0;0;0
14;320.223;-1054.6;1705.9;0;0;0;0;0;0
1;923;2
0;233.024;371.275;1756.2;0.0459292;0.127342;-0.0240729;0.990502;0.7;0.7
1;217.169;105.727;1733.54;0.0459292;0.127342;-0.0240729;0.990502;0.7;0.7
2;53.9912;93.8204;1773.61;0.105791;-0.559428;0.293398;0.767962;0.7;0.7
3;380.346;117.634;1693.48;0.0623978;0.235253;-0.169948;0.954924;0.7;0.7
4;16.8916;32.7691;1604.33;-0.295693;0.949353;-0.0991947;-0.0381449;0.7;0.7
5;482.03;81.5346;1635.94;0.177135;0.934035;-0.0374025;0.307899;0.7;0.7
6;222.829;171.493;1571.49;0;0;0;0;0.7;0
7;304.424;154.67;1496.16;0;0;0;0;0.7;0
8;220.508;-89.6969;1689.07;0.109743;0.123077;0.0221455;0.986062;0.7;0.7
9;123.378;-292.452;1669.26;0.019999;0.571665;-0.016424;0.820079;0.7;0.7
10;324.318;-277.79;1619.92;-0.0385605;0.126088;-0.00471004;0.991258;0.7;0.7
11;107.541;-610.021;1664.8;-0.152034;0.555478;-0.0310752;0.816924;0.7;0.7
12;324.474;-680.558;1651.29;-0.0780224;0.12541;-0.0095934;0.988986;0.7;0
13;158.037;-1016.9;1785.74;0;0;0;0;0.7;0
14;324.704;-1064.21;1712.17;0;0;0;0;0;0
1;924;2
0;232.924;369.58;1756.21;0.0379344;0.117462;-0.0224266;0.992099;0.7;0.7
1;218.888;107.801;1737.82;0.0379344;0.117462;-0.0224266;0.992099;0.7;0.7
2;56.0014;96.6743;1774.51;0.0724912;-0.500224;0.316158;0.802848;0.7;0.7
3;381.774;118.929;1701.13;0.166011;0.262127;-0.215328;0.925939;0.7;0.7
4;-6.22099;6.31657;1598.2;-0.305699;0.945894;-0.108438;-0.00857286;0.7;0.7
5;497.322;72.1404;1617.54;0.261177;0.957594;0.0755793;0.0953308;0.7;0.7
6;230.259;174.004;1574.19;0;0;0;0;0.7;0
7;305.481;188.919;1585.07;0;0;0;0;0.7;0
8;221.833;-85.937;1692.13;0.113911;0.113469;0.0205945;0.986775;0.7;0.7
9;123.964;-286.562;1669.16;0.0228352;0.564113;-0.0198642;0.825143;0.7;0.7
10;325.592;-272.789;1623.74;-0.0376576;0.116729;-0.0157401;0.992325;0.7;0.7
11;100.414;-688.087;1663.01;-0.148996;0.549059;-0.0294831;0.821867;0.7;0
12;316.562;-673.71;1655.29;-0.0682469;0.117824;-0.0026128;0.990683;0.7;0
13;144.954;-1057.03;1770.26;0;0;0;0;0;0
14;320.78;-1056.89;1707.83;0;0;0;0;0;0
1;925;2
0;233.794;367.782;1757.08;0.0318761;0.112351;-0.0233574;0.992882;0.7;0.7
1;219.834;107.89;1741.94;0.0318761;0.112351;-0.0233574;0.992882;0.7;0.7
2;57.3355;97.2892;1776.76;0.050362;-0.475898;0.327862;0.81455;0.7;0.7
3;382.333;118.49;1707.13;0.159491;0.290321;-0.218233;0.91796;0.7;0.7
4;-13.373;-6.24007;1604.63;-0.307239;0.943334;-0.125035;-0.00957921;0.7;0.7
5;505.886;66.79;1605.99;0.261646;0.960346;0.0678545;0.0683555;0.7;0.7
6;238.263;172.867;1575.19;0;0;0;0;0.7;0
7;321.949;177.061;1585.36;0;0;0;0;0.7;0
8;222.268;-87.2627;1693.88;0.119054;0.108244;0.0191955;0.986783;0.7;0.7
9;123.683;-289.005;1667.46;0.0105738;0.560576;-0.0185395;0.827828;0.7;0.7
10;325.722;-275.825;1624.18;-0.00414042;0.110634;-0.0450553;0.992831;0.7;0.7
11;106.567;-690.9;1668.78;-0.138326;0.54874;-0.0253582;0.82408;0.7;0
12;290.102;-676.44;1631.49;-0.0812753;0.118425;0.0160417;0.989501;0.7;0
13;149.12;-1062.39;1767.73;0;0;0;0;0;0
14;309.827;-1057.92;1692.24;0;0;0;0;0;0
1;926;2
0;234.223;366.697;1757.64;0.0106881;0.0972678;-0.0216074;0.994966;0.7;0.7
1;222.649;110.242;1753.26;0.0106881;0.0972678;-0.0216074;0.994966;0.7;0.7
2;59.9382;100.615;1783.05;0.047661;-0.461583;0.331863;0.821302;0.7;0.7
3;385.361;119.87;1723.47;0.145905;0.323591;-0.226347;0.907065;0.7;0.7
4;-16.2624;-7.37103;1612.85;-0.31002;0.941911;-0.127643;-0.019966;0.7;0.7
5;514.027;60.7457;1601.35;0.265411;0.961335;0.0455873;0.0575575;0.7;0.7
6;235.8;173.458;1576.38;0;0;0;0;0.7;0
7;326.139;174.371;1582.29;0;0;0;0;0.7;0
8;224.374;-84.036;1699.89;0.132626;0.0933895;0.016891;0.986612;0.7;0.7
9;123.834;-284.365;1665.25;0.00226927;0.549481;-0.0189478;0.835288;0.7;0.7
10;328.362;-272.264;1627.81;0.0264056;0.0965046;-0.0647906;0.99287;0.7;0.7
11;112.326;-621.12;1670.99;-0.135556;0.538766;-0.0306469;0.830913;0.7;0.7
12;274.558;-670.587;1611.74;-0.0961483;0.112262;0.0276649;0.988629;0.7;0
13;152.143;-1023.47;1779.1;0;0;0;0;0.7;0
14;304.065;-1049.63;1682.87;0;0;0;0;0;0
1;927;2
0;234.679;366.247;1758.06;-0.00358176;0.0916522;-0.0194137;0.995595;0.7;0.7
1;224.986;111.36;1760.79;-0.00358176;0.0916522;-0.0194137;0.995595;0.7;0.7
2;61.4953;102.63;1788.98;0.0530614;-0.452659;0.337093;0.823804;0.7;0.7
3;388.476;120.089;1732.59;0.128539;0.353743;-0.222928;0.899248;0.7;0.7
4;-18.4704;-9.1559;1616.78;-0.317741;0.939632;-0.124451;-0.0253739;0.7;0.7
5;515.619;59.4838;1597.01;0.256026;0.965233;0.0258781;0.0458954;0.7;0.7
6;228.177;173.727;1577.54;0;0;0;0;0.7;0
7;315.396;174.48;1579.56;0;0;0;0;0.7;0
8;225.577;-83.8547;1703.78;0.140901;0.0880718;0.0140588;0.985998;0.7;0.7
9;124.928;-284.474;1664.22;0.00353291;0.545842;-0.0198315;0.837646;0.7;0.7
10;327.407;-273.664;1629.3;0.0662366;0.0887242;-0.0263472;0.993502;0.7;0.7
11;110.012;-686.41;1670.55;-0.127061;0.536608;-0.0304738;0.833654;0.7;0
12;301.619;-671.837;1578.24;-0.117512;0.0935895;0.0032423;0.988646;0.7;0
13;143.104;-1059.99;1765.14;0;0;0;0;0;0
14;312.607;-1047.94;1667.88;0;0;0;0;0;0
1;928;2
0;234.471;367.241;1759.41;-0.0101032;0.0858103;-0.0186218;0.996086;0.7;0.7
1;225.48;113.234;1765.34;-0.0101032;0.0858103;-0.0186218;0.996086;0.7;0.7
2;61.1946;103.855;1791.61;0.0413297;-0.452378;0.340842;0.823087;0.7;0.7
3;389.766;122.612;1739.07;0.121825;0.364152;-0.22483;0.895546;0.7;0.7
4;-17.0506;-10.4886;1622.86;-0.314651;0.938794;-0.137391;-0.0279997;0.7;0.7
5;517.452;59.3497;1596.61;0.255205;0.965675;0.0161388;0.0456231;0.7;0.7
6;231.989;170.931;1579.6;0;0;0;0;0.7;0
7;314.372;175.336;1577.87;0;0;0;0;0.7;0
8;227.177;-79.9049;1707;0.145291;0.0823758;0.0164047;0.985817;0.7;0.7
9;128.451;-278.776;1664.71;0.00702349;0.540922;-0.0291173;0.840539;0.7;0.7
10;329.295;-267.311;1632.6;0.0709578;0.0838896;-0.0361944;0.993286;0.7;0.7
11;109.032;-621.573;1671.47;-0.121014;0.533876;-0.0302373;0.836312;0.7;0.7
12;295.653;-663.638;1578.45;-0.121046;0.0924318;0.00584232;0.988317;0.7;0
13;141.622;-1023.11;1768.74;0;0;0;0;0.7;0
14;308.747;-1038.28;1670.38;0;0;0;0;0;0
1;929;2
0;233.699;368.143;1760.62;-0.0225479;0.0734063;-0.0149135;0.996936;0.7;0.7
1;226.998;114.927;1772.57;-0.0225479;0.0734063;-0.0149135;0.996936;0.7;0.7
2;60.9748;106.927;1795.24;0.0484836;-0.450176;0.346996;0.821331;0.7;0.7
3;393.021;122.926;1749.9;0.0972503;0.393856;-0.216841;0.887919;0.7;0.7
4;-17.1055;-9.2087;1624.65;-0.323545;0.936155;-0.134445;-0.0292791;0.7;0.7
5;517.714;58.3579;1594.67;0.237446;0.970345;-0.00983719;0.0441861;0.7;0.7
6;225.816;174.895;1580.98;0;0;0;0;0.7;0
7;295.656;173.981;1571.94;0;0;0;0;0.7;0
8;227.937;-78.5231;1711.18;0.152479;0.0705975;0.0132677;0.985693;0.7;0.7
9;127.625;-276.851;1663.62;0.00869042;0.531846;-0.0504768;0.845291;0.7;0.7
10;330.127;-267.094;1635.97;0.0506489;0.071656;-0.00892228;0.996103;0.7;0.7
11;96.6305;-602.841;1676.4;-0.116678;0.53005;-0.0170666;0.839728;0.7;0.7
12;320.076;-666.466;1595.97;-0.110251;0.0710726;-0.00721365;0.991333;0.7;0
13;137.18;-1017.69;1767.74;0;0;0;0;0.7;0
14;320.604;-1043.09;1680.76;0;0;0;0;0;0
1;930;2
0;233.25;368.43;1761.58;-0.0194946;0.0752172;-0.0148558;0.996866;0.7;0.7
1;226.474;114.817;1772.02;-0.0194946;0.0752172;-0.0148558;0.996866;0.7;0.7
2;60.5959;106.299;1795.21;0.0435306;-0.442816;0.348018;0.825168;0.7;0.7
3;392.352;123.334;1748.82;0.106265;0.3846;-0.216003;0.891142;0.7;0.7
4;-20.2692;-12.2123;1626.87;-0.322292;0.935823;-0.138345;-0.0349956;0.7;0.7
5;519.434;60.248;1596.66;0.240722;0.969696;0.00163315;0.0417045;0.7;0.7
6;225.628;172.577;1578.71;0;0;0;0;0.7;0
7;302.019;175.542;1576.89;0;0;0;0;0.7;0
8;227.877;-77.7504;1711.33;0.151372;0.0724062;0.0146429;0.985713;0.7;0.7
9;128.433;-275.496;1664.76;-0.0306415;0.533563;-0.0804366;0.841369;0.7;0.7
10;330.125;-265.139;1636.55;0.072232;0.0729375;-0.00578959;0.9947;0.7;0.7
11;87.2177;-671.042;1719.92;-0.0832204;0.542303;-0.0012254;0.836051;0.7;0
12;321.271;-662.418;1579.2;-0.146017;0.0701399;-0.00567208;0.986776;0.7;0
13;121.272;-1051.75;1774.15;0;0;0;0;0;0
14;324.857;-1031.98;1690.75;0;0;0;0;0;0
1;931;2
0;232.964;368.236;1762.15;-0.0220882;0.0716792;-0.013573;0.997091;0.7;0.7
1;226.918;115.582;1773.78;-0.0220882;0.0716792;-0.013573;0.997091;0.7;0.7
2;60.7418;107.863;1796;0.0365671;-0.405309;0.358396;0.840202;0.7;0.7
3;393.093;123.301;1751.57;0.092086;0.393348;-0.213599;0.889479;0.7;0.7
4;-32.2851;-20.6318;1637.28;-0.332512;0.931813;-0.138637;-0.0440495;0.7;0.7
5;520.266;58.0412;1594.74;0.232303;0.971734;-0.0118191;0.0403564;0.7;0.7
6;215.124;173.295;1581.64;0;0;0;0;0.7;0
7;297.011;171.204;1573.66;0;0;0;0;0.7;0
8;227.723;-78.865;1712.24;0.152161;0.0690809;0.0126647;0.985857;0.7;0.7
9;127.621;-277.999;1664.18;-0.0339863;0.531456;-0.0825768;0.842366;0.7;0.7
10;329.435;-268.625;1637.2;0.00998953;0.0717942;-0.0261915;0.997025;0.7;0.7
11;86.2657;-673.121;1722.41;-0.0793899;0.540908;0.00110467;0.837326;0.7;0
12;307.889;-669.519;1630.71;-0.0957752;0.0771905;0.0122015;0.992331;0.7;0
13;120.139;-1054.34;1773.28;0;0;0;0;0;0
14;322.947;-1048.4;1703.37;0;0;0;0;0;0
1;932;2
0;232.825;368.099;1762.52;-0.0191332;0.0775211;-0.011874;0.996736;0.7;0.7
1;227.574;114.731;1772.66;-0.0191332;0.0775211;-0.011874;0.996736;0.7;0.7
2;62.4239;107.091;1796.81;0.0506954;-0.408306;0.360707;0.837022;0.7;0.7
3;392.725;122.372;1748.51;0.089846;0.388202;-0.211022;0.892579;0.7;0.7
4;-29.2018;-19.73;1634.44;-0.340556;0.930207;-0.129232;-0.045124;0.7;0.7
5;520.529;58.0126;1595.25;0.229117;0.972655;-0.010394;0.0365977;0.7;0.7
6;200.899;167.584;1582.64;0;0;0;0;0.7;0
7;288.573;173.672;1575.51;0;0;0;0;0.7;0
8;227.705;-80.3408;1711.83;0.15009;0.0751041;0.0117602;0.985745;0.7;0.7
9;126.95;-280.08;1665.76;-0.0313667;0.536687;-0.0754111;0.839819;0.7;0.7
10;328.723;-270.745;1636.26;-0.014854;0.07849;-0.0554927;0.995258;0.7;0.7
11;89.6597;-675.719;1719.35;-0.0793483;0.544562;0.000175548;0.834959;0.7;0
12;285.365;-669.087;1651.61;-0.070824;0.0879023;0.0305295;0.993139;0.7;0
13;123.093;-1056.43;1770.36;0;0;0;0;0;0
14;313.546;-1050.07;1703.78;0;0;0;0;0;0
1;933;2
0;232.798;368.288;1762.83;-0.019528;0.0806125;-0.0091955;0.996512;0.7;0.7
1;228.92;113.013;1773.15;-0.019528;0.0806125;-0.0091955;0.996512;0.7;0.7
2;63.5147;105.587;1798.56;0.0547337;-0.408723;0.35895;0.83732;0.7;0.7
3;394.324;120.438;1747.74;0.0923158;0.389599;-0.205117;0.893094;0.7;0.7
4;-29.4902;-21.177;1633.66;-0.340973;0.930672;-0.124814;-0.0448121;0.7;0.7
5;521.534;59.2634;1595.29;0.224817;0.973444;-0.00722625;0.0425582;0.7;0.7
6;198.324;164.868;1583.37;0;0;0;0;0.7;0
7;284.106;175.175;1572.46;0;0;0;0;0.7;0
8;228.381;-81.7263;1712.74;0.149479;0.0785563;0.0105754;0.985583;0.7;0.7
9;127.333;-280.978;1667.76;-0.0262978;0.539894;-0.068562;0.838524;0.7;0.7
10;328.354;-271.953;1636.88;-0.0498789;0.0844719;-0.0232113;0.994906;0.7;0.7
11;92.6128;-677.641;1715.13;-0.078852;0.545653;-0.00733546;0.834261;0.7;0
12;313.213;-670.513;1678.25;-0.0445077;0.0857535;0.0058807;0.995304;0.7;0
13;121.072;-1058.37;1768.94;0;0;0;0;0;0
14;320.67;-1054.52;1712.02;0;0;0;0;0;0
1;934;2
0;232.89;368.323;1763.06;-0.0182379;0.0918737;-0.00975151;0.995556;0.7;0.7
1;228.775;112.435;1772.82;-0.0182379;0.0918737;-0.00975151;0.995556;0.7;0.7
2;64.634;104.681;1801.83;0.055127;-0.389863;0.361136;0.845309;0.7;0.7
3;392.917;120.19;1743.8;0.0949068;0.387515;-0.201594;0.89453;0.7;0.7
4;-36.3094;-26.971;1639.71;-0.34472;0.929383;-0.120942;-0.0528165;0.7;0.7
5;520.627;60.8954;1592.72;0.222815;0.974241;-0.000988062;0.0347317;0.7;0.7
6;191.385;161.976;1585.08;0;0;0;0;0.7;0
7;274.731;179.72;1574.07;0;0;0;0;0.7;0
8;227.77;-83.4886;1714.76;0.143165;0.0897425;0.0105396;0.985565;0.7;0.7
9;125.007;-284.22;1674.7;-0.0250447;0.549097;-0.0554782;0.833539;0.7;0.7
10;328.522;-274.605;1638.72;-0.054319;0.095245;-0.0183185;0.993802;0.7;0.7
11;98.9394;-682.39;1715.89;-0.0838344;0.552228;-0.0106332;0.829399;0.7;0
12;318.067;-673.112;1683.43;-0.0405962;0.0958759;0.000978573;0.994565;0.7;0
13;127.85;-1062.6;1774.05;0;0;0;0;0;0
14;321.82;-1057.55;1714.51;0;0;0;0;0;0
1;935;2
0;233.356;368.156;1763.62;-0.0188528;0.0760078;-0.00792289;0.996897;0.7;0.7
1;229.971;106.582;1773.78;-0.0188528;0.0760078;-0.00792289;0.996897;0.7;0.7
2;63.4725;99.1045;1797.79;0.0570213;-0.394669;0.360811;0.84309;0.7;0.7
3;396.47;114.059;1749.76;0.127196;0.396873;-0.184482;0.890101;0.7;0.7
4;-35.8575;-31.6133;1633.84;-0.344385;0.929283;-0.121797;-0.054755;0.7;0.7
5;521.615;67.9189;1596.92;0.221794;0.973743;0.0319319;0.0401619;0.7;0.7
6;190.238;155.622;1578.37;0;0;0;0;0.7;0
7;273.675;187.835;1579.24;0;0;0;0;0.7;0
8;229.719;-82.4537;1713.17;0.154114;0.0740989;0.0109452;0.98521;0.7;0.7
9;129.376;-275.984;1667.01;-0.031661;0.537148;-0.0602114;0.84074;0.7;0.7
10;329.556;-266.994;1638.13;-0.0382778;0.080618;-0.0130011;0.995925;0.7;0.7
11;102.429;-673.089;1714.27;-0.086169;0.541106;-0.0129844;0.836427;0.7;0
12;321.65;-666.498;1669.53;-0.0467847;0.0812262;-0.00190053;0.995595;0.7;0
13;129.997;-1052.63;1775.24;0;0;0;0;0;0
14;323.12;-1050.21;1705.55;0;0;0;0;0;0
1;936;2
0;233.452;367.983;1763.58;-0.0213318;0.0736371;-0.00463358;0.997046;0.7;0.7
1;231.835;103.227;1775.04;-0.0213318;0.0736371;-0.00463358;0.997046;0.7;0.7
2;64.1856;96.8627;1798.73;0.0587808;-0.392751;0.358568;0.84482;0.7;0.7
3;399.485;109.592;1751.34;0.140323;0.409497;-0.176364;0.884035;0.7;0.7
4;-36.9626;-33.4703;1634.38;-0.344188;0.930315;-0.11645;-0.049876;0.7;0.7
5;521.689;69.6491;1594.43;0.220969;0.973485;0.0443579;0.039137;0.7;0.7
6;194.549;158.554;1581.56;0;0;0;0;0.7;0
7;272.887;189.638;1578.77;0;0;0;0;0.7;0
8;230.359;-85.5481;1713.89;0.155839;0.0721949;0.0076445;0.985111;0.7;0.7
9;128.077;-278.15;1666.99;-0.0308726;0.536768;-0.0543875;0.841409;0.7;0.7
10;329.688;-270.496;1638.5;0.0206669;0.0781002;-0.0278989;0.996341;0.7;0.7
11;104.677;-675.829;1711.22;-0.0886507;0.538992;-0.0214485;0.837358;0.7;0
12;306.112;-670.344;1623.74;-0.0890684;0.0833604;0.00994877;0.992481;0.7;0
13;127.664;-1054.82;1777.35;0;0;0;0;0;0
14;319.445;-1049.55;1691.23;0;0;0;0;0;0
1;937;2
0;233.41;367.895;1762.93;-0.0228948;0.0790554;-0.00638817;0.996587;0.7;0.7
1;231.021;106.038;1775.16;-0.0228948;0.0790554;-0.00638817;0.996587;0.7;0.7
2;64.4017;99.1384;1800.4;0.0607713;-0.383008;0.358434;0.849198;0.7;0.7
3;397.639;112.937;1749.92;0.124211;0.404603;-0.184731;0.886985;0.7;0.7
4;-41.8465;-33.7039;1636.41;-0.345782;0.93;-0.112261;-0.0541556;0.7;0.7
5;522.029;66.1743;1592.74;0.220747;0.974323;0.0287128;0.0337705;0.7;0.7
6;188.503;158.811;1581.99;0;0;0;0;0.7;0
7;273.872;185.282;1578.09;0;0;0;0;0.7;0
8;229.629;-85.1868;1713.71;0.154642;0.0773353;0.00862413;0.984901;0.7;0.7
9;126.855;-280.609;1667.61;-0.0303013;0.5409;-0.0497463;0.839068;0.7;0.7
10;329.618;-272.213;1636.89;0.00190562;0.0837642;-0.0439933;0.995512;0.7;0.7
11;106.533;-678.704;1709.57;-0.0929032;0.542078;-0.0229041;0.834863;0.7;0
12;294.382;-671.473;1638.33;-0.0850205;0.0934292;0.0307471;0.991513;0.7;0
13;130.612;-1057.04;1778.92;0;0;0;0;0;0
14;324.003;-1050.57;1701.09;0;0;0;0;0;0
1;938;2
0;233.822;367.75;1762.04;-0.0250395;0.0809148;-0.00763884;0.996377;0.7;0.7
1;230.908;107.213;1775.38;-0.0250395;0.0809148;-0.00763884;0.996377;0.7;0.7
2;64.1988;100.301;1801.21;0.0603024;-0.378357;0.358634;0.851229;0.7;0.7
3;397.618;114.124;1749.55;0.120425;0.407049;-0.185405;0.886247;0.7;0.7
4;-45.0321;-34.8876;1636.72;-0.346851;0.930189;-0.109312;-0.0499369;0.7;0.7
5;522.805;66.0022;1589.66;0.219504;0.974927;0.0263678;0.0252879;0.7;0.7
6;184.226;157.889;1585.44;0;0;0;0;0.7;0
7;262.926;189.651;1578.8;0;0;0;0;0.7;0
8;229.282;-85.4916;1713.32;0.154978;0.0789899;0.00835395;0.984719;0.7;0.7
9;125.485;-282.432;1667.09;-0.0289801;0.542579;-0.044146;0.838343;0.7;0.7
10;329.828;-273.96;1635.43;0.0449481;0.0834925;-0.0452697;0.994464;0.7;0.7
11;108.421;-681.031;1705.77;-0.0979922;0.542273;-0.0269604;0.834032;0.7;0
12;290.729;-671.533;1602.62;-0.1205;0.0976448;0.0308134;0.987419;0.7;0
13;132.049;-1058.49;1780.04;0;0;0;0;0;0
14;323.252;-1045.03;1692.02;0;0;0;0;0;0
1;939;2
0;234.383;367.287;1760.99;-0.0283687;0.0799766;-0.00937981;0.996349;0.7;0.7
1;230.683;106.333;1776.16;-0.0283687;0.0799766;-0.00937981;0.996349;0.7;0.7
2;63.4543;99.3375;1801.64;0.0660401;-0.382938;0.360066;0.848145;0.7;0.7
3;397.911;113.328;1750.68;0.123297;0.412419;-0.181718;0.884131;0.7;0.7
4;-42.9353;-33.8681;1635.87;-0.349397;0.928896;-0.109225;-0.0560608;0.7;0.7
5;521.846;67.4878;1589.11;0.217747;0.975159;0.0284547;0.0290181;0.7;0.7
6;176.965;152.97;1582.92;0;0;0;0;0.7;0
7;255.641;193.101;1576.09;0;0;0;0;0.7;0
8;229.172;-86.2451;1713.37;0.156738;0.0777975;0.00859885;0.984534;0.7;0.7
9;125.259;-283.107;1666.19;-0.025175;0.541636;-0.0429098;0.83914;0.7;0.7
10;330.066;-274.539;1634.98;0.0563071;0.0805927;-0.0150637;0.995041;0.7;0.7
11;107.359;-681.186;1701.68;-0.103598;0.540444;-0.0290932;0.834471;0.7;0
12;314.442;-671.88;1591.12;-0.133951;0.0828272;0.0068713;0.987497;0.7;0
13;131.756;-1056.95;1780.29;0;0;0;0;0;0
14;328.198;-1042.71;1692.45;0;0;0;0;0;0
1;940;2
0;234.112;367.094;1760.9;-0.0297693;0.0789122;-0.00798563;0.996405;0.7;0.7
1;231.176;105.798;1776.77;-0.0297693;0.0789122;-0.00798563;0.996405;0.7;0.7
2;63.856;99.0549;1802;0.0593014;-0.380782;0.355154;0.851677;0.7;0.7
3;398.495;112.541;1751.53;0.128248;0.417905;-0.18427;0.880314;0.7;0.7
4;-45.2309;-34.3521;1637.39;-0.342204;0.93117;-0.112015;-0.0572022;0.7;0.7
5;521.43;66.7164;1586.36;0.222304;0.974177;0.0313698;0.0239817;0.7;0.7
6;173.828;145.825;1584.54;0;0;0;0;0.7;0
7;249.796;197.893;1576.46;0;0;0;0;0.7;0
8;229.434;-87.1131;1713.67;0.157241;0.0769482;0.00793212;0.984526;0.7;0.7
9;124.854;-284.168;1666.09;-0.0202973;0.541067;-0.0411037;0.839729;0.7;0.7
10;330.531;-275.88;1635.07;0.0868715;0.0786862;-0.00692646;0.993083;0.7;0.7
11;108.749;-624.88;1692.98;-0.105115;0.539324;-0.0282648;0.835034;0.7;0.7
12;319.558;-669.862;1566.48;-0.153864;0.0757867;-0.00245864;0.985178;0.7;0
13;137.208;-1044.72;1781.58;0;0;0;0;0.7;0
14;326.666;-1036.32;1683.24;0;0;0;0;0;0
1;941;2
0;233.767;366.77;1760.66;-0.0315659;0.0774878;-0.00679008;0.99647;0.7;0.7
1;231.502;105.106;1777.44;-0.0315659;0.0774878;-0.00679008;0.99647;0.7;0.7
2;64.23;98.4155;1802.24;0.0717182;-0.388675;0.361517;0.844449;0.7;0.7
3;398.773;111.797;1752.63;0.128523;0.419575;-0.187215;0.878857;0.7;0.7
4;-38.6278;-32.3298;1635.33;-0.352729;0.928005;-0.106865;-0.054493;0.7;0.7
5;521.665;64.7465;1585.54;0.225078;0.973614;0.030125;0.0225362;0.7;0.7
6;176.564;153.349;1584.35;0;0;0;0;0.7;0
7;259.972;192.912;1576.7;0;0;0;0;0.7;0
8;229.766;-87.5345;1713.77;0.158776;0.0757146;0.00786844;0.984376;0.7;0.7
9;125.089;-284.293;1665.37;-0.0192605;0.540179;-0.0400229;0.840377;0.7;0.7
10;330.973;-276.058;1634.84;0.0231346;0.0770515;0.00633309;0.996739;0.7;0.7
11;106.498;-682.864;1695.63;-0.105092;0.538026;-0.031102;0.835773;0.7;0
12;334.599;-675.748;1616;-0.0980354;0.0722088;-0.0208724;0.99234;0.7;0
13;130.005;-1058.38;1776.09;0;0;0;0;0;0
14;324.108;-1052.78;1692.02;0;0;0;0;0;0
1;942;2
0;233.931;366.547;1760.22;-0.0371622;0.0683201;-0.00489013;0.996959;0.7;0.7
1;232.701;104.155;1779.9;-0.0371622;0.0683201;-0.00489013;0.996959;0.7;0.7
2;64.8734;98.8364;1801.9;0.0715157;-0.39089;0.356724;0.845481;0.7;0.7
3;400.529;109.473;1757.89;0.130953;0.428469;-0.186697;0.874305;0.7;0.7
4;-38.7872;-30.1301;1634.12;-0.348055;0.929777;-0.105945;-0.0561138;0.7;0.7
5;522.187;63.1879;1585.47;0.225999;0.973415;0.0304731;0.0213978;0.7;0.7
6;175.551;151.096;1583.32;0;0;0;0;0.7;0
7;261.404;191.492;1577.36;0;0;0;0;0.7;0
8;230.154;-87.8058;1714.06;0.164489;0.0668107;0.00478955;0.984102;0.7;0.7
9;124.087;-283.047;1661.8;-0.0081568;0.533827;-0.0283038;0.845081;0.7;0.7
10;331.125;-276.486;1634.65;0.0157754;0.0679802;0.0264683;0.997211;0.7;0.7
11;108.434;-682.377;1679.4;-0.116613;0.527755;-0.038236;0.840484;0.7;0
12;351.384;-675.75;1620.63;-0.0889864;0.0584084;-0.0421297;0.993426;0.7;0
13;131.056;-1055.43;1770.32;0;0;0;0;0;0
14;323.186;-1052.93;1690.53;0;0;0;0;0;0
1;943;2
0;234.272;366.183;1760.19;-0.037274;0.0670792;-0.00605088;0.997033;0.7;0.7
1;232.421;104.921;1779.87;-0.037274;0.0670792;-0.00605088;0.997033;0.7;0.7
2;64.9192;99.7575;1801.36;0.0773879;-0.383776;0.354395;0.849195;0.7;0.7
3;399.923;110.084;1758.39;0.121999;0.426078;-0.187986;0.87649;0.7;0.7
4;-42.3085;-28.3049;1634.55;-0.348886;0.929744;-0.0993125;-0.0631848;0.7;0.7
5;521.8;61.5318;1587.75;0.222982;0.974306;0.0223971;0.0224788;0.7;0.7
6;174.883;156.283;1580.35;0;0;0;0;0.7;0
7;256.826;189.818;1577.79;0;0;0;0;0.7;0
8;229.85;-86.8974;1713.72;0.165331;0.0653728;0.00454509;0.984058;0.7;0.7
9;123.308;-281.921;1660.91;-0.00696339;0.532816;-0.0220659;0.845915;0.7;0.7
10;331.249;-275.511;1634.24;0.0170328;0.0668154;0.0137779;0.997525;0.7;0.7
11;111.375;-680.435;1674.99;-0.12398;0.524441;-0.0438926;0.841228;0.7;0
12;341.307;-674.069;1619.95;-0.0814774;0.0611339;-0.0304109;0.994334;0.7;0
13;132.931;-1050.76;1772.67;0;0;0;0;0;0
14;321.93;-1051.86;1683.53;0;0;0;0;0;0
1;944;2
0;234.332;365.781;1760.49;-0.0436335;0.0607522;-0.00498394;0.997186;0.7;0.7
1;233.118;105.024;1783.43;-0.0436335;0.0607522;-0.00498394;0.997186;0.7;0.7
2;65.367;100.37;1802.91;0.0781871;-0.37935;0.354323;0.851138;0.7;0.7
3;400.869;109.678;1763.95;0.124147;0.436026;-0.188173;0.87124;0.7;0.7
4;-43.7103;-28.2797;1637.04;-0.349009;0.929231;-0.0992498;-0.0698019;0.7;0.7
5;521.968;61.2276;1586.04;0.224438;0.973953;0.0211921;0.0243877;0.7;0.7
6;175.761;158.306;1578.55;0;0;0;0;0.7;0
7;259.465;189.318;1574.93;0;0;0;0;0.7;0
8;230.567;-86.7408;1715.65;0.169128;0.0592585;0.00381301;0.983804;0.7;0.7
9;123.778;-281.397;1659.97;-0.00790425;0.528003;-0.0232619;0.848887;0.7;0.7
10;332.254;-275.614;1635.76;0.0300484;0.0612717;-0.00174451;0.997667;0.7;0.7
11;111.346;-680.056;1675.13;-0.121977;0.520191;-0.0437631;0.844161;0.7;0
12;329.395;-674.031;1611.92;-0.091306;0.058481;-0.0224805;0.99385;0.7;0
13;131.693;-1050.95;1771.65;0;0;0;0;0;0
14;316.344;-1051.03;1682.58;0;0;0;0;0;0
1;945;2
0;234.012;365.374;1760.9;-0.0412291;0.0632865;-0.0058325;0.997126;0.7;0.7
1;232.336;104.988;1782.58;-0.0412291;0.0632865;-0.0058325;0.997126;0.7;0.7
2;64.5608;99.6508;1802.79;0.0832148;-0.369401;0.357928;0.853526;0.7;0.7
3;400.111;110.325;1762.37;0.118343;0.433449;-0.185085;0.873991;0.7;0.7
4;-47.0458;-30.6004;1639.2;-0.354914;0.926895;-0.0952532;-0.0763478;0.7;0.7
5;521.675;61.9969;1587.06;0.218804;0.975397;0.0196545;0.018441;0.7;0.7
6;171.634;160.456;1577.1;0;0;0;0;0.7;0
7;257.689;186.915;1579.06;0;0;0;0;0.7;0
8;230.31;-86.5509;1715.17;0.168383;0.061681;0.00548688;0.983775;0.7;0.7
9;123.879;-281.411;1660.33;-0.0118074;0.529664;-0.0272442;0.847688;0.7;0.7
10;332.69;-274.769;1635.18;0.0698059;0.0627925;0.0176165;0.995426;0.7;0.7
11;110.427;-680.097;1679.85;-0.118887;0.523148;-0.042421;0.842842;0.7;0
12;343.196;-670.018;1578.79;-0.119267;0.0505617;-0.0375676;0.990862;0.7;0
13;130.736;-1051.89;1773.86;0;0;0;0;0;0
14;319.237;-1042.04;1671.02;0;0;0;0;0;0
1;946;2
0;232.766;365.429;1761.5;-0.0399221;0.0632997;-0.00527725;0.997182;0.7;0.7
1;231.334;104.453;1782.52;-0.0399221;0.0632997;-0.00527725;0.997182;0.7;0.7
2;64.2687;98.7453;1802.62;0.0874309;-0.364815;0.357372;0.855308;0.7;0.7
3;398.399;110.16;1762.42;0.11928;0.430079;-0.183518;0.875857;0.7;0.7
4;-48.3076;-30.1019;1641.06;-0.355449;0.925418;-0.0949462;-0.0907886;0.7;0.7
5;522.177;62.0149;1587.07;0.217661;0.97565;0.0230265;0.0141445;0.7;0.7
6;150.516;144.186;1576.99;0;0;0;0;0.7;0
7;245.774;191.953;1581.7;0;0;0;0;0.7;0
8;229.748;-86.9653;1714.99;0.168681;0.0618172;0.00663023;0.983708;0.7;0.7
9;123.866;-281.946;1660.01;-0.01458;0.529582;-0.0289503;0.847639;0.7;0.7
10;332.46;-274.82;1634.91;0.0553202;0.0637138;0.00294291;0.996429;0.7;0.7
11;110.432;-680.497;1682.13;-0.118207;0.523592;-0.0419689;0.842684;0.7;0
12;331.987;-671.759;1590.73;-0.100766;0.0588066;-0.0241278;0.992877;0.7;0
13;130.805;-1052.44;1775.51;0;0;0;0;0;0
14;318.139;-1047.54;1668.67;0;0;0;0;0;0
1;947;2
0;231.653;365.666;1761.49;-0.0329468;0.0645434;-0.00397683;0.997363;0.7;0.7
1;230.68;101.854;1779.01;-0.0329468;0.0645434;-0.00397683;0.997363;0.7;0.7
2;63.4411;96.0858;1799.62;0.0783252;-0.32771;0.364113;0.86827;0.7;0.7
3;397.919;107.622;1758.39;0.125602;0.423242;-0.178374;0.879359;0.7;0.7
4;-57.4086;-38.9171;1654.12;-0.359;0.921329;-0.0991584;-0.111536;0.7;0.7
5;523.657;62.514;1586.74;0.215778;0.975771;0.0321432;0.0166367;0.7;0.7
6;143.744;140.374;1576.53;0;0;0;0;0.7;0
7;248.676;190.601;1581.1;0;0;0;0;0.7;0
8;229.13;-88.8989;1713.06;0.165569;0.0632505;0.00673979;0.984145;0.7;0.7
9;123.589;-283.238;1659.93;-0.0183247;0.530523;-0.033564;0.846808;0.7;0.7
10;331.572;-276.065;1634.29;0.0452859;0.0653755;-0.00224295;0.99683;0.7;0.7
11;111.304;-610.736;1681.82;-0.124514;0.524807;-0.0400312;0.841113;0.7;0.7
12;327.432;-672.744;1598.45;-0.0895391;0.0633067;-0.0134711;0.993878;0.7;0
13;140.947;-1062.64;1799.49;0;0;0;0;0.7;0
14;321.518;-1049.46;1667.27;0;0;0;0;0;0
1;948;2
0;230.401;365.473;1761.9;-0.0120394;0.0815269;-0.0105958;0.996542;0.7;0.7
1;225.301;99.3418;1768.74;-0.0120394;0.0815269;-0.0105958;0.996542;0.7;0.7
2;61.9163;90.564;1793.8;0.055572;-0.290442;0.367637;0.881702;0.7;0.7
3;388.685;108.12;1743.69;0.146302;0.382664;-0.168118;0.896605;0.7;0.7
4;-65.1218;-48.9377;1668.56;-0.355329;0.920392;-0.10948;-0.120973;0.7;0.7
5;524.309;68.6169;1590.39;0.213917;0.974456;0.0625101;0.0277184;0.7;0.7
6;146.194;135.716;1580.15;0;0;0;0;0.7;0
7;253.555;194.112;1582.25;0;0;0;0;0.7;0
8;226.189;-90.6537;1707.97;0.153496;0.0791161;0.0145913;0.984869;0.7;0.7
9;124.085;-286.182;1662.99;-0.0195142;0.541334;-0.0369946;0.839767;0.7;0.7
10;330.07;-275.116;1631.41;0.0373935;0.0804924;-0.00755812;0.996025;0.7;0.7
11;110.628;-613.203;1686.89;-0.128388;0.535777;-0.0382828;0.833663;0.7;0.7
12;321.673;-672.354;1602.21;-0.0762942;0.0801284;-0.00769667;0.993831;0.7;0
13;144.86;-1060.73;1805.3;0;0;0;0;0.7;0
14;320.496;-1050.92;1660.78;0;0;0;0;0;0
1;949;2
0;229.181;365.475;1762.17;0.00696782;0.10229;-0.0159966;0.994602;0.7;0.7
1;220.241;96.7368;1759.32;0.00696782;0.10229;-0.0159966;0.994602;0.7;0.7
2;61.0608;86.2314;1790.05;0.0797958;-0.330951;0.398799;0.851507;0.7;0.7
3;379.42;107.242;1728.59;0.172635;0.34235;-0.155275;0.91043;0.7;0.7
4;-30.9128;-38.2267;1665.41;-0.383605;0.901088;-0.135111;-0.150443;0.7;0.7
5;524.574;73.9509;1591.61;0.209355;0.972191;0.100417;0.0305207;0.7;0.7
6;136.777;126.986;1570.25;0;0;0;0;0.7;0
7;244.596;201.012;1586.29;0;0;0;0;0.7;0
8;221.735;-95.3591;1701.39;0.144815;0.0987776;0.0183146;0.984345;0.7;0.7
9;123.221;-294.055;1662.77;-0.0278006;0.556075;-0.0421277;0.829598;0.7;0.7
10;323.237;-280.855;1624.16;0.0242876;0.0993566;-0.00237848;0.994753;0.7;0.7
11;107.689;-690.5;1699.82;-0.118739;0.553372;-0.0298753;0.823886;0.7;0
12;319.428;-678.856;1605.09;-0.0707455;0.0981429;-0.00730939;0.992628;0.7;0
13;139.178;-1062.16;1787.46;0;0;0;0;0;0
14;319.189;-1058.13;1659.45;0;0;0;0;0;0
1;950;2
0;228.135;365.995;1761.96;0.0101879;0.107135;-0.0139582;0.994094;0.7;0.7
1;220.139;99.0134;1757.35;0.0101879;0.107135;-0.0139582;0.994094;0.7;0.7
2;60.585;87.8829;1789.81;0.0648194;-0.322439;0.382225;0.86356;0.7;0.7
3;379.692;110.144;1724.89;0.165463;0.338766;-0.162865;0.911776;0.7;0.7
4;-45.0041;-42.7312;1661.71;-0.366724;0.912652;-0.125741;-0.129496;0.7;0.7
5;524.1;72.9286;1589.69;0.212855;0.972326;0.0927132;0.0260469;0.7;0.7
6;142.581;128.536;1573.34;0;0;0;0;0.7;0
7;246.666;200.874;1586.28;0;0;0;0;0.7;0
8;222.042;-97.7958;1699.22;0.141814;0.103879;0.019679;0.984231;0.7;0.7
9;121.724;-301.736;1661.89;-0.0216424;0.559667;-0.0412024;0.82741;0.7;0.7
10;326.167;-287.474;1620.3;0.0415425;0.104846;-0.0405912;0.992791;0.7;0.7
11;104.202;-698.6;1694.55;-0.119622;0.556262;-0.0307568;0.821777;0.7;0
12;290.569;-683.376;1590.81;-0.0868689;0.113561;0.0202901;0.989518;0.7;0
13;135.834;-1070.17;1783.01;0;0;0;0;0;0
14;313.521;-1060.54;1654.93;0;0;0;0;0;0
1;951;2
0;227.12;366.673;1761.26;0.0165767;0.101768;-0.0126754;0.994589;0.7;0.7
1;219.546;101.97;1753.21;0.0165767;0.101768;-0.0126754;0.994589;0.7;0.7
2;59.867;91.1914;1784.09;0.05117;-0.301493;0.385754;0.870446;0.7;0.7
3;379.226;112.748;1722.33;0.149326;0.346957;-0.175667;0.909101;0.7;0.7
4;-51.3373;-45.67;1663.54;-0.367714;0.913195;-0.127322;-0.12104;0.7;0.7
5;523.982;67.9679;1580.53;0.218264;0.97299;0.0742812;0.0115858;0.7;0.7
6;144.772;133.775;1575.41;0;0;0;0;0.7;0
7;249.118;197.569;1583.53;0;0;0;0;0.7;0
8;222.21;-93.8109;1698.65;0.134128;0.0988268;0.0200927;0.985819;0.7;0.7
9;122.551;-296.498;1663.88;-0.0242033;0.554953;-0.0420971;0.830463;0.7;0.7
10;327.196;-282.685;1624.3;0.0455992;0.0986864;-0.0392896;0.993297;0.7;0.7
11;105.447;-691.864;1698.41;-0.118359;0.552252;-0.0277334;0.824766;0.7;0
12;292.615;-677.046;1591.4;-0.0843247;0.107056;0.0195211;0.990478;0.7;0
13;137.907;-1062.54;1784.68;0;0;0;0;0;0
14;314.282;-1053.28;1653.61;0;0;0;0;0;0
1;952;2
0;226.315;366.116;1761.13;0.0122884;0.0967773;-0.0101092;0.995179;0.7;0.7
1;220.396;103.158;1755.21;0.0122884;0.0967773;-0.0101092;0.995179;0.7;0.7
2;60.2033;92.75;1784.71;0.0412894;-0.299172;0.380679;0.873999;0.7;0.7
3;380.589;113.567;1725.72;0.134854;0.370766;-0.183874;0.900299;0.7;0.7
4;-55.5159;-46.8385;1663.93;-0.360665;0.917054;-0.128618;-0.111316;0.7;0.7
5;520.71;64.3153;1572.87;0.221011;0.973635;0.0561212;-0.00636801;0.7;0.7
6;142.618;128.52;1581.65;0;0;0;0;0.7;0
7;242.281;196.907;1584.35;0;0;0;0;0.7;0
8;222.973;-91.6991;1700.44;0.135343;0.0942813;0.0193939;0.986112;0.7;0.7
9;123.1;-293.213;1664.53;-0.0397705;0.551504;-0.0474259;0.831873;0.7;0.7
10;327.999;-279.9;1626.81;0.0381129;0.0933848;-0.0108232;0.994841;0.7;0.7
11;111.632;-617.995;1703.31;-0.110332;0.551268;-0.0266909;0.82657;0.7;0.7
12;316.629;-675.459;1597.52;-0.0675868;0.0934554;-0.00921057;0.993284;0.7;0
13;146.979;-1062.21;1799.89;0;0;0;0;0.7;0
14;314.468;-1053.45;1649.4;0;0;0;0;0;0
1;953;2
0;225.45;365.195;1761.12;0.000801003;0.0765915;-0.00595926;0.997044;0.7;0.7
1;222.322;104.713;1760.94;0.000801003;0.0765915;-0.00595926;0.997044;0.7;0.7
2;59.8456;96.3787;1784.58;0.0489796;-0.279737;0.387557;0.877011;0.7;0.7
3;384.799;113.047;1737.3;0.115412;0.399112;-0.18375;0.890857;0.7;0.7
4;-57.8676;-45.0218;1670;-0.370629;0.91174;-0.123425;-0.127008;0.7;0.7
5;519.858;61.2871;1571.53;0.214438;0.97608;0.033173;-0.0135287;0.7;0.7
6;136.183;135.441;1579.54;0;0;0;0;0.7;0
7;236.456;191.712;1584.21;0;0;0;0;0.7;0
8;224.047;-90.3734;1704.02;0.140748;0.0749735;0.0149884;0.987089;0.7;0.7
9;122.387;-290.763;1662.13;-0.0509643;0.53707;-0.0509832;0.840452;0.7;0.7
10;329.155;-280.157;1632.05;0.0138833;0.0762575;-0.0379408;0.996269;0.7;0.7
11;110.105;-683.399;1717.85;-0.101561;0.539142;-0.01953;0.835841;0.7;0
12;298.32;-675.622;1623.37;-0.0506649;0.0810323;0.0119936;0.995351;0.7;0
13;139.429;-1056.74;1790.65;0;0;0;0;0;0
14;310.561;-1055.05;1661.1;0;0;0;0;0;0
1;954;2
0;225.102;365.071;1760.88;-0.0074697;0.0677595;-0.00173113;0.997672;0.7;0.7
1;224.473;107.802;1764.77;-0.0074697;0.0677595;-0.00173113;0.997672;0.7;0.7
2;60.9437;100.773;1786.01;0.03884;-0.276209;0.386456;0.87912;0.7;0.7
3;388.003;114.831;1743.53;0.0993156;0.414398;-0.18935;0.884623;0.7;0.7
4;-58.8775;-42.9172;1673.4;-0.367599;0.914354;-0.125411;-0.114452;0.7;0.7
5;519.306;58.0985;1570.49;0.213455;0.97679;0.012411;-0.0127995;0.7;0.7
6;139.546;138.578;1588.37;0;0;0;0;0.7;0
7;244.918;183.94;1579.64;0;0;0;0;0.7;0
8;225.294;-88.1728;1706.22;0.144174;0.0668877;0.0118011;0.987219;0.7;0.7
9;122.305;-288.609;1661.16;-0.0515294;0.531312;-0.0527653;0.84396;0.7;0.7
10;329.925;-279.685;1634.2;0.0428304;0.0674078;-0.0205525;0.996594;0.7;0.7
11;108.693;-681.053;1717.91;-0.0991566;0.534194;-0.0157271;0.839379;0.7;0
12;311.381;-674.655;1601.43;-0.0872212;0.0702331;-0.00355413;0.993704;0.7;0
13;139.036;-1054.86;1787.83;0;0;0;0;0;0
14;313.36;-1050.34;1667.75;0;0;0;0;0;0
1;955;2
0;224.372;364.982;1760.6;0.0038896;0.0661826;-0.00148339;0.997799;0.7;0.7
1;223.481;108.737;1758.66;0.0038896;0.0661826;-0.00148339;0.997799;0.7;0.7
2;60.7457;101.761;1779.29;0.0164524;-0.262134;0.390326;0.882417;0.7;0.7
3;386.217;115.713;1738.03;0.101072;0.413915;-0.192887;0.883885;0.7;0.7
4;-60.2016;-45.7175;1676.21;-0.365259;0.914338;-0.138604;-0.106585;0.7;0.7
5;516.482;58.2141;1565.81;0.217147;0.975546;0.0163696;-0.0298062;0.7;0.7
6;142.778;136.675;1591.6;0;0;0;0;0.7;0
7;234.883;189.898;1586.14;0;0;0;0;0.7;0
8;224.843;-87.6274;1703.01;0.137117;0.0653017;0.0124356;0.988322;0.7;0.7
9;121.771;-288.469;1660.6;-0.0441129;0.529687;-0.047854;0.845693;0.7;0.7
10;330.639;-279.515;1634.12;0.0696323;0.0640676;-0.002237;0.995511;0.7;0.7
11;110.706;-609.196;1701.14;-0.102542;0.530653;-0.0236609;0.84103;0.7;0.7
12;325.349;-671.137;1579.41;-0.104321;0.0602024;-0.0230163;0.992453;0.7;0
13;141.665;-1047.76;1789.75;0;0;0;0;0.7;0
14;312.754;-1042.71;1659.2;0;0;0;0;0;0
1;956;2
0;223.224;364.923;1760.54;-0.00567259;0.0538334;0.0038496;0.998526;0.7;0.7
1;225.345;109.372;1763.33;-0.00567259;0.0538334;0.0038496;0.998526;0.7;0.7
2;61.1818;104.048;1780.52;0.0110862;-0.262332;0.38112;0.886457;0.7;0.7
3;389.507;114.695;1746.15;0.0976486;0.430226;-0.192191;0.876603;0.7;0.7
4;-63.6187;-42.1432;1677.17;-0.356903;0.919758;-0.134147;-0.0931081;0.7;0.7
5;516.521;56.9088;1565.25;0.215314;0.975876;0.0106082;-0.0345487;0.7;0.7
6;143.89;137.898;1601.05;0;0;0;0;0.7;0
7;243.788;183.347;1586.95;0;0;0;0;0.7;0
8;225.631;-87.0689;1705.21;0.143084;0.053877;0.00850855;0.988206;0.7;0.7
9;120.923;-286.914;1658.08;-0.042752;0.521726;-0.0425617;0.850978;0.7;0.7
10;330.912;-280.105;1636.1;0.0745914;0.0556877;-0.0421819;0.994764;0.7;0.7
11;109.911;-679.748;1704.45;-0.104552;0.521372;-0.0285821;0.846418;0.7;0
12;294.415;-670.007;1579.24;-0.0946766;0.0659953;0.00811562;0.993285;0.7;0
13;132.983;-1051.3;1783.13;0;0;0;0;0;0
14;305.304;-1043.63;1650.39;0;0;0;0;0;0
1;957;2
0;221.978;364.751;1761.14;-8.52317e-05;0.0455793;0.0111339;0.998899;0.7;0.7
1;227.664;109.273;1760.92;-8.52317e-05;0.0455793;0.0111339;0.998899;0.7;0.7
2;63.7572;105.553;1775.91;-0.0102836;-0.260733;0.373184;0.890307;0.7;0.7
3;391.571;112.993;1745.94;0.0933194;0.44741;-0.195932;0.867598;0.7;0.7
4;-62.6783;-39.0987;1677.31;-0.346796;0.92563;-0.138219;-0.0619458;0.7;0.7
5;511.45;54.1906;1559.56;0.216982;0.974933;0.00404942;-0.0490635;0.7;0.7
6;149.307;137.103;1617.94;0;0;0;0;0.7;0
7;238.086;182.432;1589.12;0;0;0;0;0.7;0
8;226.906;-87.0134;1703.89;0.140837;0.0466941;0.00477528;0.988919;0.7;0.7
9;121.202;-285.682;1656.46;-0.042783;0.516842;-0.0365883;0.854228;0.7;0.7
10;331.095;-280.918;1637.27;0.042991;0.0482428;-0.0200982;0.997708;0.7;0.7
11;114.97;-624.33;1694.26;-0.100918;0.515599;-0.0323706;0.85025;0.7;0.7
12;313.58;-674.922;1604.09;-0.0801219;0.0512346;-0.00325873;0.995462;0.7;0
13;135.94;-1042.49;1781.95;0;0;0;0;0.7;0
14;314.236;-1050.59;1664.92;0;0;0;0;0;0
1;958;2
0;220.84;365.741;1760.7;-0.0142096;0.0339925;0.0183628;0.999152;0.7;0.7
1;230.52;108.968;1767.68;-0.0142096;0.0339925;0.0183628;0.999152;0.7;0.7
2;62.9953;107.073;1779.74;-0.000336716;-0.290448;0.353771;0.889093;0.7;0.7
3;398.045;110.862;1755.62;0.0955145;0.466599;-0.19151;0.858188;0.7;0.7
4;-65.1303;-31.7024;1665.89;-0.331776;0.934665;-0.122794;-0.0353252;0.7;0.7
5;512.615;54.9857;1560.3;0.213974;0.975461;0.00377551;-0.0517437;0.7;0.7
6;153.014;139.906;1624.49;0;0;0;0;0.7;0
7;240.493;180.656;1591.2;0;0;0;0;0.7;0
8;228.39;-86.933;1707.31;0.148985;0.0363601;0.000224148;0.988171;0.7;0.7
9;120.871;-284.025;1654.53;-0.0453351;0.509707;-0.0316857;0.858568;0.7;0.7
10;331.648;-281.642;1639.36;0.0570458;0.0382198;-0.0203045;0.997433;0.7;0.7
11;117.636;-676.532;1698.03;-0.104386;0.507458;-0.0358132;0.85458;0.7;0
12;313.93;-673.669;1595.03;-0.0945485;0.0424427;0.00224734;0.994613;0.7;0
13;134.622;-1047.02;1779.59;0;0;0;0;0;0
14;318.675;-1046.61;1666.38;0;0;0;0;0;0
1;959;2
0;220.057;366.494;1760.26;-0.0202241;0.0364986;0.0191116;0.998946;0.7;0.7
1;230.329;107.888;1770.36;-0.0202241;0.0364986;0.0191116;0.998946;0.7;0.7
2;62.5171;105.6;1783.29;0.0100817;-0.288296;0.357095;0.888407;0.7;0.7
3;398.141;110.177;1757.43;0.0925237;0.470603;-0.190355;0.856585;0.7;0.7
4;-65.315;-33.2637;1668.55;-0.33743;0.932893;-0.1173;-0.0457469;0.7;0.7
5;510.737;54.6394;1561.92;0.211647;0.97585;0.0011407;-0.0540535;0.7;0.7
6;151.392;141.333;1622.13;0;0;0;0;0.7;0
7;238.943;178.717;1593.77;0;0;0;0;0.7;0
8;228.254;-87.4478;1708.82;0.152084;0.0390113;0.000876867;0.987597;0.7;0.7
9;120.66;-284.223;1655.41;-0.0428386;0.51182;-0.0315279;0.857445;0.7;0.7
10;331.696;-281.345;1639.16;0.066649;0.0421029;-0.0427015;0.995973;0.7;0.7
11;116.626;-676.912;1697.17;-0.111789;0.50869;-0.0379696;0.852817;0.7;0
12;295.888;-671.319;1588.15;-0.109096;0.0557322;0.0252981;0.992145;0.7;0
13;135.222;-1046.06;1784.24;0;0;0;0;0;0
14;319.567;-1041.53;1669.28;0;0;0;0;0;0
1;960;2
0;219.092;366.428;1760;-0.0197308;0.0394677;0.0200478;0.998825;0.7;0.7
1;229.841;108.496;1769.78;-0.0197308;0.0394677;0.0200478;0.998825;0.7;0.7
2;63.0588;105.923;1783.62;0.0204644;-0.284974;0.361309;0.887596;0.7;0.7
3;396.623;111.069;1755.93;0.0943159;0.465811;-0.192395;0.85855;0.7;0.7
4;-66.1241;-35.1902;1666.95;-0.344514;0.930706;-0.110784;-0.0531402;0.7;0.7
5;509.758;55.3084;1563.66;0.214218;0.974817;0.00471587;-0.0618161;0.7;0.7
6;146.075;141.278;1617.82;0;0;0;0;0.7;0
7;232.598;183.663;1601.38;0;0;0;0;0.7;0
8;227.771;-86.7959;1708.56;0.151378;0.042088;0.0013324;0.987578;0.7;0.7
9;119.624;-283.724;1656.14;-0.0387231;0.514273;-0.0309554;0.856192;0.7;0.7
10;331.78;-280.451;1638.53;0.0361024;0.0484245;-0.0737722;0.995444;0.7;0.7
11;114.408;-677.527;1694.99;-0.117801;0.510822;-0.0315751;0.850992;0.7;0
12;272.272;-670.859;1612.91;-0.0874123;0.0680804;0.0466033;0.99275;0.7;0
13;139.755;-1046.73;1783.55;0;0;0;0;0;0
14;312.011;-1043.92;1676.54;0;0;0;0;0;0
1;961;2
0;218.118;366.92;1759.99;-0.0154681;0.0659718;0.0102664;0.997649;0.7;0.7
1;223.971;107.293;1767.65;-0.0154681;0.0659718;0.0102664;0.997649;0.7;0.7
2;58.5673;100.109;1789.12;0.0395784;-0.320509;0.353471;0.877933;0.7;0.7
3;389.374;114.477;1746.18;0.106929;0.43446;-0.185851;0.874797;0.7;0.7
4;-67.8957;-38.1052;1651.96;-0.341082;0.933488;-0.100851;-0.0457376;0.7;0.7
5;510.011;63.8486;1571.82;0.212746;0.974758;0.0267105;-0.0622319;0.7;0.7
6;146.461;138.171;1608.65;0;0;0;0;0.7;0
7;238.165;187.882;1611.82;0;0;0;0;0.7;0
8;224.57;-86.866;1707.29;0.149681;0.0669487;0.0116527;0.986396;0.7;0.7
9;119.435;-285.617;1660.66;-0.0446928;0.532292;-0.0362017;0.844605;0.7;0.7
10;330.903;-276.433;1633.21;-0.00125162;0.0743094;-0.0770268;0.994255;0.7;0.7
11;114.709;-631.471;1700.36;-0.11594;0.530116;-0.0293384;0.839449;0.7;0.7
12;270.387;-667.313;1638.73;-0.052089;0.0852063;0.0392851;0.994225;0.7;0
13;145.968;-1043.66;1796.16;0;0;0;0;0.7;0
14;303.476;-1044.44;1675.58;0;0;0;0;0;0
1;962;2
0;217.917;367.098;1759.95;-0.017039;0.0826518;0.00495558;0.99642;0.7;0.7
1;221.231;106.158;1768.6;-0.017039;0.0826518;0.00495558;0.99642;0.7;0.7
2;56.7214;96.2707;1794.93;0.0514644;-0.362953;0.344574;0.864225;0.7;0.7
3;385.74;116.046;1742.27;0.136146;0.410555;-0.191333;0.881079;0.7;0.7
4;-50.0777;-23.1872;1653.09;-0.332252;0.935863;-0.104828;-0.052723;0.7;0.7
5;512.671;67.5347;1575.32;0.228903;0.971151;0.0524148;-0.0414991;0.7;0.7
6;170.649;151.084;1605.06;0;0;0;0;0.7;0
7;249.232;197.59;1606.22;0;0;0;0;0.7;0
8;223.128;-86.8938;1707.96;0.15066;0.0827485;0.0174175;0.984962;0.7;0.7
9;119.362;-286.297;1664.23;-0.0401088;0.543703;-0.0404332;0.837343;0.7;0.7
10;330.69;-273.595;1630.4;-0.0174673;0.0900783;-0.0851822;0.992131;0.7;0.7
11;109.827;-679.386;1708.2;-0.113127;0.542445;-0.0247641;0.832071;0.7;0
12;265.06;-663.268;1650.19;-0.0415424;0.0990039;0.0411815;0.993366;0.7;0
13;140.84;-1049.62;1790.04;0;0;0;0;0;0
14;299.316;-1041.1;1678.48;0;0;0;0;0;0
1;963;2
0;217.363;367.743;1758.96;-0.0189863;0.0669523;0.0111797;0.997513;0.7;0.7
1;223.837;107.435;1768.44;-0.0189863;0.0669523;0.0111797;0.997513;0.7;0.7
2;58.65;99.9483;1790.23;0.0497093;-0.343453;0.344431;0.872316;0.7;0.7
3;389.023;114.922;1746.66;0.124298;0.425329;-0.194765;0.87505;0.7;0.7
4;-56.5685;-24.0068;1651.69;-0.334853;0.936588;-0.0947476;-0.0412287;0.7;0.7
5;512.886;63.1317;1572.03;0.228014;0.971884;0.0373213;-0.0453675;0.7;0.7
6;156.335;146.743;1612.91;0;0;0;0;0.7;0
7;245.67;194.903;1603.55;0;0;0;0;0.7;0
8;224.638;-86.0533;1708.03;0.150245;0.068114;0.0123814;0.986222;0.7;0.7
9;119.327;-284.351;1661.61;-0.0377061;0.532717;-0.0414673;0.844435;0.7;0.7
10;331.552;-274.732;1633.62;-0.0772063;0.0817529;-0.0981281;0.988801;0.7;0.7
11;107.513;-677.521;1704.29;-0.111375;0.532435;-0.0167929;0.838944;0.7;0
12;259.766;-658.052;1700.38;-0.00569565;0.0774477;0.0492364;0.995764;0.7;0
13;141.914;-1048.31;1782.19;0;0;0;0;0;0
14;297.406;-1036.62;1701.79;0;0;0;0;0;0
1;964;2
0;216.781;367.46;1758.85;-0.0222188;0.0660486;0.010336;0.997515;0.7;0.7
1;222.886;108.596;1769.99;-0.0222188;0.0660486;0.010336;0.997515;0.7;0.7
2;56.0037;100.838;1791.64;0.101312;-0.369878;0.386911;0.838586;0.7;0.7
3;389.769;116.354;1748.34;0.105408;0.429977;-0.192058;0.875855;0.7;0.7
4;-34.4429;-20.7449;1643.62;-0.391017;0.915272;-0.0840811;-0.048096;0.7;0.7
5;513.08;61.8884;1572.46;0.218072;0.974462;0.0210213;-0.0492633;0.7;0.7
6;138.065;156.292;1605.15;0;0;0;0;0.7;0
7;244.991;187.866;1603.79;0;0;0;0;0.7;0
8;224.03;-86.1014;1709.04;0.15057;0.0671532;0.0130949;0.986229;0.7;0.7
9;119.227;-285.724;1661.83;-0.0356851;0.53194;-0.0381213;0.845171;0.7;0.7
10;331.12;-275.874;1634.34;-0.0894614;0.0822919;-0.0926426;0.988252;0.7;0.7
11;108.753;-679.241;1701.75;-0.106785;0.531623;-0.0135179;0.840114;0.7;0
12;278.656;-577.114;1694.19;-0.00934356;0.0779612;0.051538;0.99558;0.7;0.7
13;143.308;-1050.88;1775.48;0;0;0;0;0;0
14;325.943;-1028.96;1698.99;0;0;0;0;0.7;0
1;965;2
0;216.287;367.149;1758.96;-0.00616219;0.0515717;0.00451774;0.99864;0.7;0.7
1;218.843;102.6;1762.09;-0.00616219;0.0515717;0.00451774;0.99864;0.7;0.7
2;48.2848;95.1383;1778.93;0.094133;-0.40244;0.348121;0.841423;0.7;0.7
3;389.4;110.061;1745.25;0.112079;0.432492;-0.199043;0.872222;0.7;0.7
4;-36.3093;-4.3502;1634.05;-0.352665;0.932334;-0.0753438;-0.0265213;0.7;0.7
5;510.769;54.496;1567.85;0.227337;0.972561;0.0223103;-0.0440973;0.7;0.7
6;156.535;163.743;1607.67;0;0;0;0;0.7;0
7;235.063;190.452;1597.47;0;0;0;0;0.7;0
8;221.605;-89.7097;1704.87;0.14354;0.0517704;0.0144867;0.988183;0.7;0.7
9;118.326;-286.658;1658.11;-0.0333271;0.51895;-0.0307254;0.853602;0.7;0.7
10;330.41;-277.38;1637.17;-0.0796355;0.065137;-0.0927366;0.990361;0.7;0.7
11;112.459;-613.734;1687.27;-0.105581;0.517702;-0.0123109;0.848932;0.7;0.7
12;261.965;-660.507;1704.24;-0.0185901;0.0638952;0.0589815;0.996039;0.7;0
13;151.208;-1042.09;1771.42;0;0;0;0;0.7;0
14;307.485;-1037.34;1715.44;0;0;0;0;0;0
1;966;2
0;216.146;367.126;1759.63;0.0320514;0.0263844;0.0135716;0.999046;0.7;0.7
1;222.83;104.893;1742.61;0.0320514;0.0263844;0.0135716;0.999046;0.7;0.7
2;59.1835;102.446;1751.46;0.158494;-0.316409;0.452455;0.818566;0.7;0.7
3;386.477;107.339;1733.76;0.0945022;0.459942;-0.214422;0.856473;0.7;0.7
4;30.9041;56.0482;1703.54;-0.456777;0.844233;-0.145568;-0.239658;0.7;0.7
5;496.966;43.463;1545.03;0.23432;0.96882;0.0012175;-0.0804984;0.7;0.7
6;112.657;178.629;1609.59;0;0;0;0;0.7;0
7;225.864;183.717;1593.41;0;0;0;0;0.7;0
8;223.124;-88.7924;1694.52;0.121312;0.0277195;0.00413198;0.992219;0.7;0.7
9;116.786;-284.071;1652.2;-0.0343596;0.500221;-0.0266915;0.864804;0.7;0.7
10;330.051;-280.883;1640.67;-0.0306492;0.0345951;-0.103548;0.99355;0.7;0.7
11;112.129;-677.5;1686.22;-0.104499;0.498892;-0.00980051;0.860285;0.7;0
12;249.629;-666.596;1667.55;-0.0606204;0.0498441;0.072356;0.994286;0.7;0
13;145.32;-1048.87;1758.21;0;0;0;0;0;0
14;306.562;-1039.56;1710.58;0;0;0;0;0;0
1;967;2
0;216.148;367.161;1760.71;0.0569416;-0.0141425;0.0258804;0.997942;0.7;0.7
1;229.649;115.672;1732.09;0.0569416;-0.0141425;0.0258804;0.997942;0.7;0.7
2;72.7621;119.544;1729.14;0.0928759;-0.0542385;0.407599;0.906805;0.7;0.7
3;386.535;111.801;1735.03;0.0836085;0.446895;-0.219149;0.863289;0.7;0.7
4;-10.355;27.9736;1707.28;-0.417564;0.888023;-0.0200768;-0.191447;0.7;0.7
5;506.112;39.832;1543.47;0.234348;0.969651;-0.00989071;-0.0689913;0.7;0.7
6;113.239;184.916;1630.99;0;0;0;0;0.7;0
7;224.614;185.54;1584.75;0;0;0;0;0.7;0
8;225.518;-85.2361;1688.05;0.107557;-0.0106563;-0.0112532;0.994078;0.7;0.7
9;113.711;-283.487;1641.98;-0.0555906;0.470453;-0.0249436;0.880319;0.7;0.7
10;329.062;-288.801;1646.03;0.00314584;-0.00595942;-0.0779427;0.996935;0.7;0.7
11;117.024;-675.479;1689.91;-0.0943587;0.471171;-0.0038848;0.876971;0.7;0
12;267.703;-678.919;1643.18;-0.0926492;0.0147194;0.0610467;0.993717;0.7;0
13;148.202;-1048.44;1754.14;0;0;0;0;0;0
14;314.81;-1049.3;1712.42;0;0;0;0;0;0
1;968;2
0;215.5;367.292;1761.82;0.0297536;-0.0176259;0.0240755;0.999112;0.7;0.7
1;227.898;115.815;1747.04;0.0297536;-0.0176259;0.0240755;0.999112;0.7;0.7
2;67.8083;120.01;1742.98;0.17192;-0.103851;0.348617;0.915491;0.7;0.7
3;387.989;111.62;1751.1;0.0868531;0.450285;-0.230801;0.858156;0.7;0.7
4;-49.4369;23.9315;1693.55;-0.381239;0.911169;0.0758147;-0.136679;0.7;0.7
5;509.19;32.6554;1549.18;0.245707;0.968414;-0.0209853;-0.0369142;0.7;0.7
6;122.42;206.918;1644.63;0;0;0;0;0.7;0
7;237.33;180.736;1568.16;0;0;0;0;0.7;0
8;223.899;-86.1948;1696.05;0.123143;-0.0141965;-0.0114335;0.992221;0.7;0.7
9;111.475;-285.364;1642.31;-0.0546534;0.467465;-0.0182056;0.882132;0.7;0.7
10;328.324;-291.046;1647.81;0.0172743;-0.00857599;-0.0636667;0.997785;0.7;0.7
11;118.972;-677.811;1687.13;-0.100751;0.466913;-0.00454386;0.878534;0.7;0
12;278.247;-682.677;1633.76;-0.107384;0.012231;0.0531857;0.992719;0.7;0
13;151.679;-1049.96;1755.99;0;0;0;0;0;0
14;319.359;-1051.64;1714.26;0;0;0;0;0;0
1;969;2
0;215.544;367.158;1761.97;0.0139319;-0.0313736;0.0233633;0.999137;0.7;0.7
1;227.331;119.695;1755.43;0.0139319;-0.0313736;0.0233633;0.999137;0.7;0.7
2;65.8198;125.179;1747.06;0.228982;-0.138196;0.380501;0.885261;0.7;0.7
3;388.841;114.211;1763.81;0.0829835;0.429187;-0.250785;0.863724;0.7;0.7
4;-22.1646;45.2887;1692.23;-0.434292;0.882071;0.0927593;-0.15728;0.7;0.7
5;514.678;24.1549;1569;0.261111;0.964427;-0.0400082;0.0100576;0.7;0.7
6;108.053;225.936;1647.51;0;0;0;0;0.7;0
7;248.504;179.167;1556.58;0;0;0;0;0.7;0
8;223.236;-84.8974;1700.41;0.130647;-0.0278742;-0.0134237;0.990946;0.7;0.7
9;110.819;-285.812;1639.77;-0.0490851;0.456208;-0.011663;0.888442;0.7;0.7
10;327.466;-293.168;1651;0.0320703;-0.0225389;-0.0467919;0.998135;0.7;0.7
11;120.345;-679.695;1678.51;-0.111518;0.453386;-0.00937235;0.884261;0.7;0
12;291.058;-686.519;1624.82;-0.127086;-0.0027432;0.0449623;0.990868;0.7;0
13;152.529;-1050.83;1756.82;0;0;0;0;0;0
14;324.711;-1053.36;1720.78;0;0;0;0;0;0
1;970;2
0;215.593;366.65;1761.44;-0.00440914;-0.0457438;0.0262552;0.998598;0.7;0.7
1;228.132;126.019;1764.14;-0.00440914;-0.0457438;0.0262552;0.998598;0.7;0.7
2;68.0425;133.72;1751.65;0.271415;-0.0958394;0.375257;0.881096;0.7;0.7
3;388.221;118.317;1776.64;0.0889967;0.426103;-0.272289;0.858122;0.7;0.7
4;-26.2376;51.6621;1701.47;-0.445444;0.860759;0.126743;-0.211211;0.7;0.7
5;513.555;17.8952;1576.61;0.281739;0.957439;-0.0518167;0.0353448;0.7;0.7
6;89.4546;236.337;1645.03;0;0;0;0;0.7;0
7;261.084;179.186;1547.45;0;0;0;0;0.7;0
8;222.755;-80.5728;1705.68;0.136757;-0.0418151;-0.0184286;0.98955;0.7;0.7
9;111.195;-282.056;1638.94;-0.0454926;0.444923;-0.0105331;0.894351;0.7;0.7
10;323.561;-292.273;1655.51;0.041171;-0.0367387;-0.030883;0.997999;0.7;0.7
11;119.765;-676.341;1674.87;-0.113552;0.441682;-0.00885493;0.889913;0.7;0
12;300.348;-686.187;1622.07;-0.137983;-0.0202367;0.0386946;0.989471;0.7;0
13;151.959;-1047.24;1754.81;0;0;0;0;0;0
14;327.38;-1051.33;1726.64;0;0;0;0;0;0
1;971;2
0;214.861;366.615;1760.59;-0.0133407;-0.0296313;0.0247274;0.999166;0.7;0.7
1;226.589;125.797;1767.37;-0.0133407;-0.0296313;0.0247274;0.999166;0.7;0.7
2;66.1856;132.223;1759.8;0.296504;-0.101442;0.37089;0.874206;0.7;0.7
3;386.993;119.371;1774.95;0.104289;0.421067;-0.283067;0.855394;0.7;0.7
4;-24.4327;56.5279;1708.68;-0.459029;0.840742;0.121516;-0.260153;0.7;0.7
5;512.355;16.9311;1573.55;0.298484;0.952614;-0.0437063;0.0390424;0.7;0.7
6;72.2671;238.719;1637.58;0;0;0;0;0.7;0
7;268.083;185.574;1543.57;0;0;0;0;0.7;0
8;221.228;-76.7014;1709.11;0.139201;-0.0261286;-0.0165232;0.989781;0.7;0.7
9;109.596;-274.943;1645.83;-0.0401709;0.45793;-0.0154345;0.887946;0.7;0.7
10;322.138;-283.457;1655.86;0.044979;-0.0215142;-0.0232504;0.998486;0.7;0.7
11;112.607;-594.796;1673.27;-0.115402;0.455379;-0.00231732;0.882784;0.7;0.7
12;304.517;-677.439;1619.89;-0.140019;-0.00846351;0.0330468;0.989561;0.7;0
13;155.423;-1007.37;1760.53;0;0;0;0;0.7;0
14;328.519;-1042.46;1725.63;0;0;0;0;0;0
1;972;2
0;213.962;367.186;1759.93;-0.050228;0.0112964;0.00914917;0.998632;0.7;0.7
1;218.713;123.666;1784.44;-0.050228;0.0112964;0.00914917;0.998632;0.7;0.7
2;53.25;123.706;1788.63;0.331422;-0.282212;0.397061;0.807996;0.7;0.7
3;384.176;123.627;1780.24;0.107594;0.407673;-0.289961;0.859156;0.7;0.7
4;-14.3833;65.1879;1696.05;-0.516603;0.814714;0.0248987;-0.262188;0.7;0.7
5;512.072;18.5048;1584.88;0.306251;0.94967;-0.0431719;0.0497298;0.7;0.7
6;43.5182;215.741;1625.34;0;0;0;0;0.7;0
7;271.609;190.447;1548.88;0;0;0;0;0.7;0
8;216.997;-78.1641;1718.69;0.156843;0.012502;-0.00210663;0.987542;0.7;0.7
9;109.987;-279.969;1655.61;-0.0331518;0.487848;-0.018962;0.872093;0.7;0.7
10;320.577;-280.02;1650.27;0.0433655;0.0163107;-0.013843;0.99883;0.7;0.7
11;109.698;-675.048;1685.86;-0.112774;0.48546;-0.000412622;0.866955;0.7;0
12;309.059;-674.612;1616.13;-0.143341;0.0226459;0.0174626;0.98926;0.7;0
13;151.143;-1046.35;1760.51;0;0;0;0;0;0
14;324.696;-1039.72;1723.88;0;0;0;0;0;0
1;973;2
0;213.545;367.742;1759.45;-0.0433175;0.00451841;0.0131895;0.998964;0.7;0.7
1;220.088;124.079;1780.59;-0.0433175;0.00451841;0.0131895;0.998964;0.7;0.7
2;56.3669;125.589;1782.88;0.298734;-0.101235;0.369175;0.874197;0.7;0.7
3;383.81;122.569;1778.3;0.13199;0.390582;-0.298238;0.860859;0.7;0.7
4;-42.8206;43.5118;1727.1;-0.469927;0.803497;0.0685605;-0.358972;0.7;0.7
5;515.694;17.8838;1586.68;0.324846;0.942312;-0.0290203;0.0753746;0.7;0.7
6;21.1256;214.62;1618.1;0;0;0;0;0.7;0
7;278.117;203.597;1537.51;0;0;0;0;0.7;0
8;217.34;-78.1028;1717.48;0.150741;0.0062181;-0.00561333;0.988538;0.7;0.7
9;110.15;-279.321;1655.83;-0.027908;0.48306;-0.0213842;0.874881;0.7;0.7
10;319.035;-281.248;1652.91;0.0432989;0.010065;-0.0124372;0.998934;0.7;0.7
11;106.007;-674.576;1683.36;-0.116484;0.480635;0.00202352;0.869148;0.7;0
12;308.844;-675.875;1618.73;-0.127368;0.0155096;0.0167312;0.991593;0.7;0
13;150.009;-1045.23;1759.77;0;0;0;0;0;0
14;322.991;-1044.29;1714.77;0;0;0;0;0;0
1;974;2
0;214.337;367.85;1758.76;-0.0412105;0.0348385;-0.00392601;0.998535;0.7;0.7
1;213.079;115.649;1779.65;-0.0412105;0.0348385;-0.00392601;0.998535;0.7;0.7
2;52.1066;110.983;1790.1;0.276808;-0.0930348;0.405845;0.866032;0.7;0.7
3;374.052;120.315;1769.21;0.164196;0.355191;-0.283355;0.875551;0.7;0.7
4;-61.3036;-2.10979;1723.12;-0.487533;0.812585;0.0603691;-0.313645;0.7;0.7
5;512.034;31.1133;1601.16;0.327123;0.940825;0.0155218;0.0871645;0.7;0.7
6;23.9445;213.741;1605.9;0;0;0;0;0.7;0
7;288.343;210.533;1556.51;0;0;0;0;0.7;0
8;214.718;-83.9088;1715.78;0.154031;0.0342293;0.00930052;0.987429;0.7;0.7
9;111.811;-286.497;1658.69;0.0100172;0.500901;-0.0795756;0.861781;0.7;0.7
10;320.903;-280.437;1645.12;0.0209233;0.0379362;-0.0318735;0.998553;0.7;0.7
11;54.2833;-672.315;1683.1;-0.130841;0.510121;0.0273763;0.849652;0.7;0
12;295.403;-670.147;1629.74;-0.103791;0.047147;0.025201;0.993161;0.7;0
13;121.934;-1034.7;1756.17;0;0;0;0;0;0
14;317.894;-1037.39;1706.32;0;0;0;0;0;0
1;975;2
0;214.279;367.157;1758.36;-0.00872662;0.0666309;-0.00250796;0.997736;0.7;0.7
1;213.288;109.282;1762.93;-0.00872662;0.0666309;-0.00250796;0.997736;0.7;0.7
2;50.3748;101.677;1783.63;0.272033;-0.0581923;0.355014;0.892512;0.7;0.7
3;376.202;116.886;1742.23;0.181343;0.285829;-0.278555;0.89879;0.7;0.7
4;-100.374;-20.7766;1723.22;-0.436586;0.833926;0.0971064;-0.323313;0.7;0.7
5;518.618;33.9005;1613.74;0.328427;0.936941;0.0511254;0.107996;0.7;0.7
6;16.8344;205.488;1593.21;0;0;0;0;0.7;0
7;291.324;221.029;1563.32;0;0;0;0;0.7;0
8;215.179;-87.4029;1705.56;0.140818;0.065733;0.0140426;0.987751;0.7;0.7
9;113.923;-288.902;1661.29;0.00107757;0.52497;-0.0800437;0.847348;0.7;0.7
10;320.217;-279.273;1635.08;0.00777054;0.0679313;-0.0379822;0.996936;0.7;0.7
11;60.5726;-673.943;1693.35;-0.128176;0.533469;0.0213672;0.835778;0.7;0
12;290.267;-668.141;1631.05;-0.106182;0.0778281;0.0243303;0.990998;0.7;0
13;125.257;-1036.32;1765.16;0;0;0;0;0;0
14;314.551;-1034.28;1708.55;0;0;0;0;0;0
1;976;2
0;213.334;366.645;1758.74;0.0403837;0.0886095;0.00342346;0.995241;0.7;0.7
1;213.244;104.09;1737.41;0.0403837;0.0886095;0.00342346;0.995241;0.7;0.7
2;51.6559;95.5403;1765.32;0.287675;-0.0358699;0.333297;0.897145;0.7;0.7
3;374.832;112.639;1709.49;0.200816;0.123957;-0.284906;0.929051;0.7;0.7
4;-117.411;-30.3776;1709.46;-0.420804;0.835934;0.12949;-0.327673;0.7;0.7
5;515.537;29.0103;1649.38;0.331299;0.924514;0.108346;0.154193;0.7;0.7
6;6.3873;196.019;1583.44;0;0;0;0;0.7;0
7;321.612;199.933;1592.94;0;0;0;0;0.7;0
8;215.47;-95.1351;1689.27;0.117298;0.0878189;0.0159054;0.989078;0.7;0.7
9;117.701;-299.65;1658.41;-0.00883023;0.539598;-0.0890853;0.83715;0.7;0.7
10;317.692;-289.069;1623.87;-0.00361669;0.0874759;-0.0437018;0.995201;0.7;0.7
11;77.5141;-582.854;1690.34;-0.127396;0.550183;0.0161242;0.825112;0.7;0.7
12;284.012;-677.61;1629.66;-0.0974578;0.0978531;0.0287893;0.989999;0.7;0
13;154.935;-1031.73;1779.69;0;0;0;0;0.7;0
14;312.543;-1044.9;1699.92;0;0;0;0;0;0
1;977;2
0;213.408;365.661;1758.99;0.0465949;0.109382;0.00395138;0.992899;0.7;0.7
1;212.78;99.2666;1734;0.0465949;0.109382;0.00395138;0.992899;0.7;0.7
2;48.0846;89.0735;1769.44;0.302019;-0.0554637;0.322986;0.895203;0.7;0.7
3;377.475;109.46;1698.55;0.269073;0.0628429;-0.271197;0.92201;0.7;0.7
4;-127.969;-33.0721;1703.44;-0.420795;0.833728;0.135893;-0.330699;0.7;0.7
5;515.876;33.0901;1655.66;0.339898;0.897809;0.174407;0.219068;0.7;0.7
6;-3.95479;196.74;1576.54;0;0;0;0;0.7;0
7;320.551;232.415;1575.9;0;0;0;0;0.7;0
8;215.302;-101.525;1687.98;0.111065;0.10839;0.018385;0.987713;0.7;0.7
9;116.178;-308.608;1663.83;-0.00427112;0.554953;-0.0840789;0.827611;0.7;0.7
10;319.469;-296.027;1620.08;-0.0207317;0.107137;-0.0612635;0.992138;0.7;0.7
11;77.7746;-590.241;1692.51;-0.127663;0.563277;0.016654;0.816176;0.7;0.7
12;273.787;-682.804;1641.24;-0.0860294;0.119013;0.0292896;0.988725;0.7;0
13;155.898;-1031.95;1779.14;0;0;0;0;0.7;0
14;303.188;-1051.65;1702.43;0;0;0;0;0;0
1;978;2
0;212.545;365.414;1758.93;0.0530774;0.118123;0.0026675;0.991576;0.7;0.7
1;210.592;97.5879;1730.41;0.0530774;0.118123;0.0026675;0.991576;0.7;0.7
2;45.0956;86.1401;1768.87;0.303115;-0.0607796;0.317774;0.896352;0.7;0.7
3;376.088;109.036;1691.95;0.296497;0.0322571;-0.258873;0.918713;0.7;0.7
4;-132.992;-33.8752;1700.94;-0.413744;0.843253;0.147223;-0.309943;0.7;0.7
5;523.239;31.2721;1655.71;0.331535;0.890998;0.212155;0.226266;0.7;0.7
6;2.85541;196.392;1583.94;0;0;0;0;0.7;0
7;321.387;235.812;1577.52;0;0;0;0;0.7;0
8;214.065;-103.761;1685.42;0.107927;0.116735;0.021289;0.987052;0.7;0.7
9;114.972;-312.206;1664.27;-0.0102009;0.561757;-0.0728472;0.824026;0.7;0.7
10;320.102;-298.016;1616.6;-0.0152138;0.114228;-0.0574628;0.991675;0.7;0.7
11;72.6139;-698.042;1702.75;-0.118123;0.567349;0.00927138;0.814909;0.7;0
12;277.003;-685.317;1633.49;-0.0990903;0.126234;0.0217548;0.986799;0.7;0
13;128.551;-1062.57;1771.01;0;0;0;0;0;0
14;302.489;-1052.65;1704.78;0;0;0;0;0;0
1;979;2
0;212.041;365.206;1759.93;0.0621518;0.116969;0.00558027;0.991173;0.7;0.7
1;211.099;96.485;1726.21;0.0621518;0.116969;0.00558027;0.991173;0.7;0.7
2;46.5077;85.8448;1764.26;0.317567;-0.0480912;0.312373;0.894014;0.7;0.7
3;375.69;107.125;1688.16;0.318254;0.0162028;-0.241566;0.916569;0.7;0.7
4;-133.63;-33.0107;1700.24;-0.415244;0.834873;0.161239;-0.323359;0.7;0.7
5;543.479;24.9172;1653.29;0.316331;0.88896;0.244078;0.223853;0.7;0.7
6;-5.13216;196.784;1583.27;0;0;0;0;0.7;0
7;318.768;240.647;1575.06;0;0;0;0;0.7;0
8;213.998;-104.613;1682.52;0.105198;0.115904;0.019481;0.987482;0.7;0.7
9;113.473;-312.398;1662.74;-0.0154363;0.561434;-0.0703787;0.824379;0.7;0.7
10;320.323;-299.026;1614.92;0.0114686;0.112411;-0.0248253;0.993285;0.7;0.7
11;85.0391;-597.478;1692.84;-0.124225;0.566223;0.00734638;0.814804;0.7;0.7
12;300.15;-687.175;1608.23;-0.143521;0.116521;0.0042363;0.982755;0.7;0
13;154.439;-1038.04;1781.09;0;0;0;0;0.7;0
14;315.763;-1045.54;1713.3;0;0;0;0;0;0
1;980;2
0;211.659;364.881;1761.28;0.0628065;0.111351;0.00744769;0.991766;0.7;0.7
1;211.871;96.6869;1727.15;0.0628065;0.111351;0.00744769;0.991766;0.7;0.7
2;47.734;86.5807;1763.27;0.320563;-0.0488412;0.307148;0.894715;0.7;0.7
3;376.009;106.793;1691.03;0.317472;0.0215684;-0.235402;0.918331;0.7;0.7
4;-132.638;-29.3304;1699.69;-0.409605;0.839786;0.171243;-0.312504;0.7;0.7
5;553.104;23.3222;1653.33;0.312638;0.889802;0.241786;0.228143;0.7;0.7
6;1.20071;197.474;1589.97;0;0;0;0;0.7;0
7;335.834;230.131;1574.28;0;0;0;0;0.7;0
8;214.625;-104.709;1683.32;0.105523;0.110554;0.0185672;0.988078;0.7;0.7
9;112.725;-312.549;1662.52;-0.0183144;0.557496;-0.0688234;0.827119;0.7;0.7
10;322.034;-299.661;1616.46;-0.0421447;0.108534;-0.0290244;0.992775;0.7;0.7
11;85.9648;-596.063;1693.18;-0.106232;0.567072;0.0444085;0.815581;0.7;0.7
12;303.187;-686.356;1651.43;-0.106337;0.113162;0.00512991;0.987856;0.7;0
13;163.543;-987.525;1742.61;0;0;0;0;0.7;0
14;315.971;-1051.66;1729.53;0;0;0;0;0;0
1;981;2
0;211.242;365.367;1761.83;0.0617185;0.107788;0.00949395;0.992211;0.7;0.7
1;212.739;96.9594;1728.15;0.0617185;0.107788;0.00949395;0.992211;0.7;0.7
2;48.6974;87.5175;1763.2;0.326241;-0.0468633;0.304746;0.893588;0.7;0.7
3;376.781;106.401;1693.1;0.318255;0.0152767;-0.218864;0.922268;0.7;0.7
4;-132.22;-27.3185;1700.07;-0.410571;0.83635;0.175314;-0.318142;0.7;0.7
5;565.383;24.1801;1658.14;0.29494;0.893746;0.249396;0.228101;0.7;0.7
6;-1.28258;199.704;1589.68;0;0;0;0;0.7;0
7;332.744;230.724;1574.16;0;0;0;0;0.7;0
8;215.082;-104.888;1684.74;0.104469;0.107329;0.0170817;0.988572;0.7;0.7
9;112.771;-312.759;1663.7;-0.0227496;0.554637;-0.0789737;0.828024;0.7;0.7
10;322.079;-300.712;1618.98;-0.0278437;0.105718;-0.0168707;0.993863;0.7;0.7
11;83.2925;-588.279;1698.69;-0.107708;0.567895;0.0509379;0.814432;0.7;0.7
12;311.33;-688.663;1641.88;-0.118429;0.107064;-0.00496049;0.987161;0.7;0
13;164.92;-974.582;1745.44;0;0;0;0;0.7;0
14;317.149;-1051.98;1729.68;0;0;0;0;0;0
1;982;2
0;210.658;365.131;1761.89;0.0572103;0.111439;0.00834955;0.992088;0.7;0.7
1;211.687;97.3101;1730.78;0.0572103;0.111439;0.00834955;0.992088;0.7;0.7
2;46.7184;87.6292;1767.26;0.31746;-0.0514827;0.309144;0.894985;0.7;0.7
3;376.655;106.991;1694.3;0.324133;0.0112053;-0.215888;0.92098;0.7;0.7
4;-132.314;-28.3759;1703;-0.411792;0.838062;0.163642;-0.318279;0.7;0.7
5;573.008;22.4329;1659.51;0.29338;0.891645;0.256122;0.230867;0.7;0.7
6;0.760162;202.308;1587.22;0;0;0;0;0.7;0
7;344.072;226.034;1576.54;0;0;0;0;0.7;0
8;214.005;-103.754;1687.91;0.103559;0.110883;0.0173227;0.988271;0.7;0.7
9;111.579;-310.966;1668.2;-0.0192223;0.557551;-0.0729418;0.826708;0.7;0.7
10;321.066;-298.672;1621.87;-0.0102942;0.109142;-0.0083021;0.993938;0.7;0.7
11;84.0507;-585.395;1699.6;-0.110227;0.568192;0.0455994;0.814204;0.7;0.7
12;315.523;-687.375;1630.53;-0.135434;0.107156;-0.0104179;0.98492;0.7;0
13;161.177;-960.964;1748.95;0;0;0;0;0.7;0
14;318.702;-1047.46;1731.11;0;0;0;0;0;0
1;983;2
0;210.296;364.693;1761.78;0.0503948;0.102602;0.00574434;0.993428;0.7;0.7
1;210.582;99.2876;1734.76;0.0503948;0.102602;0.00574434;0.993428;0.7;0.7
2;45.2684;90.4612;1768.28;0.31939;-0.0506725;0.311526;0.893518;0.7;0.7
3;375.895;108.114;1701.23;0.296086;0.0408892;-0.228383;0.926554;0.7;0.7
4;-132.49;-25.9342;1704.01;-0.415485;0.834959;0.162575;-0.322157;0.7;0.7
5;571.977;20.4369;1654.86;0.299602;0.90341;0.223751;0.20982;0.7;0.7
6;-2.86375;205.555;1587.22;0;0;0;0;0.7;0
7;335.929;225.157;1575.89;0;0;0;0;0.7;0
8;212.651;-101.248;1692.17;0.10337;0.101971;0.0157558;0.989277;0.7;0.7
9;112.631;-307.234;1670.28;-0.0223809;0.550654;-0.0737617;0.831167;0.7;0.7
10;316.809;-296.333;1628.87;0.0247415;0.100154;-0.00121774;0.994664;0.7;0.7
11;85.7668;-578.188;1702.76;-0.109885;0.560892;0.0358131;0.819782;0.7;0.7
12;313.948;-683.585;1609.88;-0.143905;0.0957295;-0.00648146;0.984929;0.7;0
13;155.996;-953.785;1756.78;0;0;0;0;0.7;0
14;319.46;-1040.93;1716.03;0;0;0;0;0;0
1;984;2
0;210.105;364.032;1761.72;0.0533776;0.0985211;0.00647604;0.993681;0.7;0.7
1;210.731;99.3181;1733.14;0.0533776;0.0985211;0.00647604;0.993681;0.7;0.7
2;46.1719;91.7463;1765.32;0.320953;-0.0394089;0.307495;0.894921;0.7;0.7
3;375.29;106.89;1700.96;0.299999;0.0835314;-0.237257;0.920181;0.7;0.7
4;-133.088;-24.7743;1705.87;-0.41179;0.832921;0.167311;-0.329665;0.7;0.7
5;570.208;20.6363;1634.89;0.312981;0.905772;0.219848;0.182447;0.7;0.7
6;-6.02528;203.362;1588.01;0;0;0;0;0.7;0
7;331.968;229.702;1572.57;0;0;0;0;0.7;0
8;211.994;-100.108;1692.68;0.0991288;0.09812;0.0129568;0.99014;0.7;0.7
9;112.477;-304.172;1671.92;-0.0258106;0.547631;-0.0748171;0.832969;0.7;0.7
10;314.036;-294.898;1632.5;0.0318662;0.0962739;-0.000779506;0.994844;0.7;0.7
11;86.4627;-570.725;1705.65;-0.112962;0.557868;0.0314824;0.821603;0.7;0.7
12;311.221;-660.412;1609.34;-0.155021;0.0898284;-0.0144243;0.983713;0.7;0.7
13;155.611;-949.007;1764.19;0;0;0;0;0.7;0
14;311.019;-1024.09;1726.9;0;0;0;0;0.7;0
1;985;2
0;209.882;363.553;1762.09;0.0553387;0.0970299;0.00658476;0.99372;0.7;0.7
1;210.508;98.8981;1732.46;0.0553387;0.0970299;0.00658476;0.99372;0.7;0.7
2;46.2502;91.7773;1764.14;0.321418;-0.0416006;0.307501;0.894652;0.7;0.7
3;374.765;106.019;1700.78;0.306844;0.0972802;-0.238949;0.916126;0.7;0.7
4;-131.288;-23.3248;1704.3;-0.410141;0.837077;0.172195;-0.318488;0.7;0.7
5;571.589;20.1679;1627.01;0.315442;0.906623;0.227478;0.16366;0.7;0.7
6;2.06367;207.176;1590.85;0;0;0;0;0.7;0
7;332.166;227.24;1577.92;0;0;0;0;0.7;0
8;211.47;-98.2733;1693.13;0.0975804;0.0966919;0.011943;0.990447;0.7;0.7
9;110.906;-299.846;1673.38;-0.0270823;0.546794;-0.0706785;0.833839;0.7;0.7
10;313.959;-291.043;1634.22;-0.00906855;0.0953159;-0.012675;0.995325;0.7;0.7
11;87.0739;-566.801;1706.45;-0.107984;0.556545;0.0336837;0.823081;0.7;0.7
12;304.839;-678.889;1642.16;-0.105284;0.0957637;-0.00635565;0.9898;0.7;0
13;155.208;-944.783;1760.86;0;0;0;0;0.7;0
14;307.669;-1043.7;1720.38;0;0;0;0;0;0
1;986;2
0;209.166;363.39;1762.3;0.0575706;0.100314;0.00788825;0.993257;0.7;0.7
1;210.271;97.0542;1731.21;0.0575706;0.100314;0.00788825;0.993257;0.7;0.7
2;45.4636;89.1284;1764.05;0.330279;-0.0470839;0.301813;0.893089;0.7;0.7
3;375.077;104.98;1698.37;0.314682;0.0744327;-0.236971;0.916122;0.7;0.7
4;-129.639;-20.2297;1703.03;-0.409746;0.83558;0.179675;-0.318795;0.7;0.7
5;572.597;17.7028;1634.03;0.313725;0.901756;0.238236;0.17792;0.7;0.7
6;1.97137;207.986;1592.96;0;0;0;0;0.7;0
7;334.877;226.743;1578.96;0;0;0;0;0.7;0
8;211.826;-100.219;1691.4;0.0984947;0.0999656;0.0138481;0.990007;0.7;0.7
9;110.935;-302.419;1672.01;-0.0253739;0.549892;-0.0581917;0.83282;0.7;0.7
10;315.827;-292.566;1631.18;0.00709582;0.0983991;0.00786769;0.995091;0.7;0.7
11;84.1566;-687.264;1713.24;-0.106188;0.555954;0.0264775;0.823977;0.7;0
12;321.36;-680.451;1625.1;-0.115124;0.0915;-0.0265073;0.988773;0.7;0
13;144.481;-1051.38;1767.54;0;0;0;0;0;0
14;309.664;-1043.09;1711.84;0;0;0;0;0;0
1;987;2
0;208.487;363.298;1762.09;0.0594555;0.101707;0.00981853;0.992987;0.7;0.7
1;210.475;96.88;1729.87;0.0594555;0.101707;0.00981853;0.992987;0.7;0.7
2;45.9559;88.7041;1763.16;0.334236;-0.0358658;0.306768;0.890446;0.7;0.7
3;374.993;105.056;1696.58;0.294033;-0.0106072;-0.23683;0.925928;0.7;0.7
4;-129.126;-24.3107;1704.97;-0.416892;0.826762;0.178945;-0.332631;0.7;0.7
5;555.987;14.3524;1672.18;0.311658;0.891106;0.228461;0.237919;0.7;0.7
6;-4.42567;209.516;1589.03;0;0;0;0;0.7;0
7;333.134;228.074;1581.56;0;0;0;0;0.7;0
8;212.329;-101.137;1690.4;0.0972245;0.101484;0.0146051;0.989967;0.7;0.7
9;110.943;-304.285;1671.82;-0.0215948;0.550543;-0.0622713;0.832201;0.7;0.7
10;317.424;-294.023;1630.04;-0.0165666;0.0997066;-0.00645774;0.994858;0.7;0.7
11;88.156;-587.117;1701.64;-0.10619;0.556377;0.0181211;0.823918;0.7;0.7
12;314.373;-613.397;1640.99;-0.0990219;0.097226;-0.0254104;0.989998;0.7;0.7
13;144.59;-959.52;1760.67;0;0;0;0;0.7;0
14;301.873;-1007.48;1721.89;0;0;0;0;0.7;0
1;988;2
0;208.127;362.562;1761.96;0.0611124;0.102081;0.0118494;0.992826;0.7;0.7
1;211.088;96.7342;1728.81;0.0611124;0.102081;0.0118494;0.992826;0.7;0.7
2;46.1709;88.8599;1762.43;0.28611;-0.0108058;0.345574;0.893646;0.7;0.7
3;376.005;104.609;1695.18;0.293905;-0.00331751;-0.226375;0.928635;0.7;0.7
4;-128.012;-51.109;1712.74;-0.425751;0.836855;0.14148;-0.313678;0.7;0.7
5;565.693;15.3345;1668.36;0.308647;0.893573;0.23344;0.227529;0.7;0.7
6;-14.1042;156.021;1608.18;0;0;0;0;0.7;0
7;336.396;229.005;1583.09;0;0;0;0;0.7;0
8;212.715;-101.402;1690.38;0.0947065;0.102086;0.0138347;0.99016;0.7;0.7
9;110.898;-304.477;1673.05;-0.0210303;0.550336;-0.0720814;0.83156;0.7;0.7
10;317.786;-294.599;1630.87;-0.0172723;0.100409;-0.00147648;0.994795;0.7;0.7
11;83.1553;-588.042;1705.83;-0.105197;0.558486;0.0197153;0.82258;0.7;0.7
12;317.992;-681.502;1644.29;-0.0961526;0.0966257;-0.0315218;0.990164;0.7;0
13;141.431;-967.807;1764.54;0;0;0;0;0.7;0
14;301.672;-1046.13;1717.44;0;0;0;0;0;0
1;989;2
0;207.983;362.068;1762.09;0.0603944;0.102321;0.0119777;0.992844;0.7;0.7
1;211.033;97.1293;1729.42;0.0603944;0.102321;0.0119777;0.992844;0.7;0.7
2;46.1749;89.2358;1763.11;0.284347;0.00550411;0.360521;0.888336;0.7;0.7
3;375.89;105.023;1695.73;0.299933;0.020412;-0.225242;0.926763;0.7;0.7
4;-125.708;-60.271;1717.76;-0.437887;0.82874;0.13814;-0.31994;0.7;0.7
5;570.04;17.3781;1658.32;0.309087;0.896415;0.236254;0.212341;0.7;0.7
6;-12.0788;164.396;1604.82;0;0;0;0;0.7;0
7;338.409;228.294;1582.7;0;0;0;0;0.7;0
8;212.582;-100.82;1690.63;0.095695;0.102348;0.0137726;0.990039;0.7;0.7
9;109.905;-303.76;1673.14;-0.0210899;0.550664;-0.0722334;0.831328;0.7;0.7
10;318.358;-293.779;1630.54;-0.039229;0.100492;-0.0121981;0.994089;0.7;0.7
11;82.2328;-586.185;1705.88;-0.102952;0.558991;0.0199487;0.822516;0.7;0.7
12;312.02;-679.714;1661.69;-0.0775555;0.0996554;-0.0240783;0.991703;0.7;0
13;140.174;-969.292;1763.49;0;0;0;0;0.7;0
14;299.993;-1047.15;1720.75;0;0;0;0;0;0
1;990;2
0;207.368;362.042;1762.74;0.0619073;0.103159;0.0117487;0.992667;0.7;0.7
1;210.186;97.0771;1729.27;0.0619073;0.103159;0.0117487;0.992667;0.7;0.7
2;45.5562;89.1035;1763.18;0.287799;-0.00622302;0.347077;0.892564;0.7;0.7
3;374.816;105.051;1695.36;0.301611;0.0294421;-0.219107;0.927446;0.7;0.7
4;-127.101;-51.0236;1715.21;-0.428192;0.833224;0.141218;-0.320073;0.7;0.7
5;573.275;19.5609;1654.27;0.308383;0.898233;0.241307;0.199619;0.7;0.7
6;-12.174;164.65;1604.57;0;0;0;0;0.7;0
7;333.227;233.383;1585.3;0;0;0;0;0.7;0
8;211.825;-100.969;1690.66;0.0951777;0.103134;0.0140163;0.990004;0.7;0.7
9;108.912;-304.08;1673.59;-0.0215425;0.55164;-0.0649644;0.831269;0.7;0.7
10;318.014;-293.952;1630.51;-0.0628985;0.10113;-0.0177011;0.992725;0.7;0.7
11;85.1801;-583.165;1703.87;-0.109085;0.557836;0.0171412;0.822573;0.7;0.7
12;309.352;-676.973;1680.14;-0.0674879;0.101102;-0.0187921;0.992406;0.7;0
13;142.295;-954.885;1764.96;0;0;0;0;0.7;0
14;300.566;-1044.79;1731.31;0;0;0;0;0;0
1;991;2
0;207.023;362.563;1763.79;0.0511799;0.110861;0.00306096;0.992512;0.7;0.7
1;205.656;104.619;1737.27;0.0511799;0.110861;0.00306096;0.992512;0.7;0.7
2;36.1437;93.7625;1774.25;0.245357;-0.0368861;0.385536;0.888708;0.7;0.7
3;375.167;115.475;1700.3;0.363113;0.0173619;-0.20896;0.907845;0.7;0.7
4;-130.383;-64.9507;1713.65;-0.448668;0.840271;0.086805;-0.291731;0.7;0.7
5;576.724;34.4164;1659.79;0.296906;0.880599;0.295571;0.221426;0.7;0.7
6;-13.8007;154.649;1601.11;0;0;0;0;0.7;0
7;339.846;247.846;1589.78;0;0;0;0;0.7;0
8;209.323;-97.3352;1694.8;0.101842;0.109684;0.0202872;0.988527;0.7;0.7
9;108.822;-305.96;1675.04;-0.0115711;0.55581;-0.0737528;0.827951;0.7;0.7
10;317.158;-292.618;1629.59;-0.0170086;0.107264;-0.000493466;0.994085;0.7;0.7
11;77.9063;-585.754;1703.66;-0.115572;0.563744;0.0255791;0.817424;0.7;0.7
12;318.189;-678.688;1642.7;-0.107412;0.103147;-0.02601;0.988507;0.7;0
13;142.833;-952.391;1764.05;0;0;0;0;0.7;0
14;307.319;-1041.05;1723.57;0;0;0;0;0;0
1;992;2
0;206.862;363.939;1763.93;0.0563648;0.105899;0.00777955;0.992748;0.7;0.7
1;207.782;103.318;1734.14;0.0563648;0.105899;0.00777955;0.992748;0.7;0.7
2;41.4271;93.9991;1769.05;0.259802;-0.0359391;0.349652;0.899419;0.7;0.7
3;374.137;112.637;1699.23;0.358054;0.0227664;-0.199949;0.911756;0.7;0.7
4;-130.985;-45.7562;1712.64;-0.42173;0.846793;0.109076;-0.305266;0.7;0.7
5;578.549;35.1643;1658.15;0.287717;0.885168;0.292234;0.219761;0.7;0.7
6;-13.576;154.45;1603.67;0;0;0;0;0.7;0
7;331.205;248.97;1584.1;0;0;0;0;0.7;0
8;210.482;-98.1609;1693.22;0.0987618;0.105339;0.0171506;0.989371;0.7;0.7
9;108.723;-305.492;1674.21;-0.00685662;0.551124;-0.0908474;0.829435;0.7;0.7
10;317.64;-293.788;1630.37;-0.0246411;0.102829;-0.0223313;0.994143;0.7;0.7
11;68.6111;-581.054;1705.46;-0.118911;0.564916;0.040524;0.815529;0.7;0.7
12;302.447;-679.176;1651.07;-0.100562;0.105593;-0.000999758;0.989311;0.7;0
13;144.633;-948.344;1761.65;0;0;0;0;0.7;0
14;309.6;-1043.05;1725.05;0;0;0;0;0;0
1;993;2
0;207.203;364.472;1763.66;0.0616553;0.101982;0.0103317;0.99282;0.7;0.7
1;209.313;100.739;1730.56;0.0616553;0.101982;0.0103317;0.99282;0.7;0.7
2;44.8488;92.525;1763.94;0.273623;-0.0263944;0.317783;0.90744;0.7;0.7
3;373.778;108.953;1697.18;0.384391;0.0278793;-0.186671;0.90367;0.7;0.7
4;-134.978;-34.4033;1713.87;-0.397291;0.850908;0.134224;-0.316385;0.7;0.7
5;583.837;37.4953;1653.33;0.283294;0.877792;0.319918;0.216516;0.7;0.7
6;-13.1639;157.09;1605.23;0;0;0;0;0.7;0
7;338.252;246.904;1587.84;0;0;0;0;0.7;0
8;211.317;-100.187;1690.99;0.0960594;0.101777;0.0148151;0.990048;0.7;0.7
9;108.366;-306.355;1672.72;-0.00657355;0.547934;-0.0948666;0.831099;0.7;0.7
10;318.274;-295.871;1630.12;-0.00882143;0.0993323;-0.0137594;0.99492;0.7;0.7
11;65.7207;-584.62;1705.28;-0.121344;0.563804;0.0477319;0.81555;0.7;0.7
12;308.39;-681.345;1637.94;-0.101312;0.100003;-0.00596127;0.989798;0.7;0
13;147.401;-952.15;1760.11;0;0;0;0;0.7;0
14;311.529;-1044.55;1712.76;0;0;0;0;0;0
1;994;2
0;207.704;364.759;1763.61;0.063443;0.0984181;0.011518;0.993054;0.7;0.7
1;210.495;98.3777;1729.15;0.063443;0.0984181;0.011518;0.993054;0.7;0.7
2;47.1943;91.1052;1761.25;0.290204;-0.0184792;0.297698;0.909294;0.7;0.7
3;373.795;105.65;1697.06;0.390196;0.0351902;-0.187233;0.900806;0.7;0.7
4;-138.857;-28.9953;1714.54;-0.384487;0.85051;0.158154;-0.322165;0.7;0.7
5;583.512;35.581;1649.68;0.291115;0.87317;0.320252;0.224199;0.7;0.7
6;-13.9806;161.03;1607.35;0;0;0;0;0.7;0
7;347.568;246.317;1583.4;0;0;0;0;0.7;0
8;211.719;-101.059;1690.19;0.0955467;0.0984684;0.0125395;0.990463;0.7;0.7
9;107.499;-305.191;1671.95;-0.00642988;0.546044;-0.0850397;0.833404;0.7;0.7
10;318.386;-295.799;1630.5;-0.00130527;0.0962346;-0.00593037;0.99534;0.7;0.7
11;55.5408;-685.247;1711.9;-0.121098;0.558701;0.0442225;0.819288;0.7;0
12;313.93;-681.437;1631.94;-0.110298;0.094059;-0.0156271;0.989314;0.7;0
13;132.591;-1043.75;1767.16;0;0;0;0;0;0
14;310.158;-1043.07;1713.96;0;0;0;0;0;0
1;995;2
0;207.814;365.554;1763.79;0.0622169;0.0973675;0.0113803;0.993237;0.7;0.7
1;210.649;97.4177;1729.78;0.0622169;0.0973675;0.0113803;0.993237;0.7;0.7
2;47.3637;90.2925;1761.53;0.299388;-0.0074504;0.309175;0.90262;0.7;0.7
3;373.935;104.543;1698.03;0.394256;0.0381072;-0.186;0.899174;0.7;0.7
4;-138.127;-36.7012;1715.99;-0.397979;0.841375;0.163814;-0.326904;0.7;0.7
5;584.543;35.4426;1649.19;0.295769;0.869146;0.320241;0.233562;0.7;0.7
6;-16.8075;164.028;1607.53;0;0;0;0;0.7;0
7;354.527;248.683;1579.61;0;0;0;0;0.7;0
8;211.711;-101.531;1690.59;0.0963633;0.0974431;0.0121229;0.990491;0.7;0.7
9;106.972;-305.097;1671.98;-0.00911454;0.545793;-0.0804292;0.834001;0.7;0.7
10;318.573;-295.864;1630.83;0.00549485;0.0952295;-0.0116324;0.995372;0.7;0.7
11;59.0762;-685.658;1711.7;-0.122197;0.556722;0.0388515;0.820743;0.7;0
12;309.24;-681.35;1627.47;-0.120741;0.0947733;-0.00883289;0.98811;0.7;0
13;133.171;-1044.25;1770.03;0;0;0;0;0;0
14;311.253;-1041.26;1716.56;0;0;0;0;0;0
1;996;2
0;207.656;365.884;1764.47;0.0618622;0.0972791;0.0130252;0.993247;0.7;0.7
1;211.404;97.233;1730.51;0.0618622;0.0972791;0.0130252;0.993247;0.7;0.7
2;47.8348;90.2938;1762.37;0.368679;0.0081448;0.299063;0.880097;0.7;0.7
3;374.974;104.172;1698.64;0.395438;0.0426691;-0.191215;0.897354;0.7;0.7
4;-141.499;-32.4895;1714.82;-0.430123;0.788025;0.20089;-0.391987;0.7;0.7
5;584.689;33.8844;1646.9;0.311925;0.860396;0.309253;0.258425;0.7;0.7
6;-48.2943;208.807;1586.29;0;0;0;0;0.7;0
7;371.456;254.975;1566.99;0;0;0;0;0.7;0
8;212.15;-101.691;1691.01;0.0971886;0.0975635;0.01143;0.990406;0.7;0.7
9;106.889;-305.113;1672.16;-0.0156185;0.547065;-0.068651;0.834124;0.7;0.7
10;318.902;-296.119;1630.87;0.00872741;0.0953895;-0.00917924;0.995359;0.7;0.7
11;69.3177;-686.882;1711.17;-0.118825;0.554779;0.0315331;0.822865;0.7;0
12;311.214;-681.587;1624.84;-0.122529;0.0937003;-0.0130086;0.987946;0.7;0
13;137.441;-1046.44;1770.71;0;0;0;0;0;0
14;310.197;-1041.09;1715.51;0;0;0;0;0;0
1;997;2
0;207.999;366.095;1765.18;0.0558298;0.0901565;0.0140808;0.994262;0.7;0.7
1;212.887;95.3641;1734.23;0.0558298;0.0901565;0.0140808;0.994262;0.7;0.7
2;47.9133;89.1696;1764.07;0.380962;0.0386752;0.259723;0.886519;0.7;0.7
3;377.86;101.559;1704.38;0.398395;0.0646079;-0.195626;0.893777;0.7;0.7
4;-163.373;-30.9134;1732.38;-0.409994;0.76071;0.210935;-0.456873;0.7;0.7
5;584.885;34.0942;1642.99;0.336817;0.846887;0.289037;0.292905;0.7;0.7
6;-88.8079;216.233;1574.34;0;0;0;0;0.7;0
7;402.135;258.859;1551.42;0;0;0;0;0.7;0
8;212.915;-102.663;1693.28;0.101349;0.09074;0.00935273;0.99066;0.7;0.7
9;107.231;-304.66;1671.45;-0.0209732;0.542932;-0.0581972;0.837495;0.7;0.7
10;318.655;-296.721;1633.21;0.0814118;0.0876729;-0.00182569;0.992815;0.7;0.7
11;78.4984;-686.323;1709.27;-0.115115;0.547871;0.0210857;0.828336;0.7;0
12;311.77;-676.228;1571.16;-0.164896;0.0799741;-0.0129677;0.982978;0.7;0
13;138.064;-1046.01;1771.25;0;0;0;0;0;0
14;312.096;-1025.81;1691.81;0;0;0;0;0;0
1;998;2
0;207.976;366.015;1764.83;0.033923;0.0766076;0.0241322;0.996192;0.7;0.7
1;219.652;94.682;1745.42;0.033923;0.0766076;0.0241322;0.996192;0.7;0.7
2;50.1826;91.0693;1772.18;0.422971;0.0319538;0.259412;0.867629;0.7;0.7
3;389.122;98.2948;1718.67;0.402885;0.103731;-0.216834;0.883123;0.7;0.7
4;-159.369;-24.7482;1732.38;0.458409;-0.683358;-0.189895;0.535558;0.7;0.7
5;592.221;29.5427;1636.47;0.38387;0.824175;0.248952;0.333771;0.7;0.7
6;-157.588;218.39;1568.94;0;0;0;0;0.7;0
7;452.703;260.569;1532.65;0;0;0;0;0.7;0
8;216.488;-103.22;1698.66;0.115994;0.0789026;0.00138774;0.99011;0.7;0.7
9;108.033;-303.366;1668.53;-0.0175399;0.535901;-0.0470476;0.842786;0.7;0.7
10;318.616;-298.877;1635.28;0.0866458;0.0764218;-0.0109289;0.993244;0.7;0.7
11;84.7636;-686.034;1699.29;-0.117814;0.537358;0.0122355;0.834995;0.7;0
12;305.172;-677.617;1569.72;-0.153781;0.0749691;-0.00359896;0.98525;0.7;0
13;139.145;-1045.47;1767.19;0;0;0;0;0;0
14;311.077;-1029.93;1681.99;0;0;0;0;0;0
1;999;2
0;208.442;365.175;1763.73;0.0332611;0.0709527;0.0244864;0.996624;0.7;0.7
1;220.422;94.3613;1744.77;0.0332611;0.0709527;0.0244864;0.996624;0.7;0.7
2;50.5864;92.4318;1769.85;0.44016;0.0552576;0.236729;0.864387;0.7;0.7
3;390.258;96.2909;1719.69;0.428989;0.0674207;-0.208505;0.876327;0.7;0.7
4;-168.36;-21.2598;1741.82;0.470876;-0.603812;-0.167502;0.620991;0.7;0.7
5;612.502;20.6677;1646.66;0.408334;0.771972;0.246514;0.420182;0.7;0.7
6;-235.183;220.461;1557.52;0;0;0;0;0.7;0
7;521.823;263.006;1517.21;0;0;0;0;0.7;0
8;216.033;-101.982;1699.94;0.112493;0.0734003;-0.00266177;0.990934;0.7;0.7
9;109.751;-299.482;1670.15;-0.0193458;0.53194;-0.043797;0.845428;0.7;0.7
10;313.537;-297.167;1640.06;0.0758901;0.0697324;0.00182555;0.994673;0.7;0.7
11;89.1824;-682.37;1700.65;-0.120449;0.532857;0.0135993;0.837479;0.7;0
12;310.862;-677.385;1581.89;-0.142571;0.0641546;-0.00701545;0.987678;0.7;0
13;145.083;-1041.36;1769.91;0;0;0;0;0;0
14;312.503;-1032.17;1686.38;0;0;0;0;0;0
1;1000;2
0;208.606;365.145;1761.86;0.0258911;0.0748395;0.024349;0.996562;0.7;0.7
1;220.818;92.3701;1746.75;0.0258911;0.0748395;0.024349;0.996562;0.7;0.7
2;50.4993;89.7892;1773.18;0.454601;0.0594948;0.198347;0.866289;0.7;0.7
3;391.136;94.9511;1720.33;0.443936;0.0322421;-0.185825;0.875985;0.7;0.7
4;-198.169;-18.3956;1752.16;0.470408;-0.536086;-0.157227;0.683087;0.7;0.7
5;628.003;19.2305;1663.85;0.422109;0.704896;0.231159;0.521067;0.7;0.7
6;-324.191;222.78;1556.16;0;0;0;0;0.7;0
7;597.57;272.061;1500.7;0;0;0;0;0.7;0
8;216.682;-101.441;1701.17;0.115683;0.0772321;-0.0014623;0.990278;0.7;0.7
9;111.312;-296.786;1671.3;-0.0195299;0.534931;-0.0485971;0.843271;0.7;0.7
10;313.783;-293.717;1639.88;0.0802523;0.0740573;-0.00377378;0.994012;0.7;0.7
11;87.8495;-678.885;1703.93;-0.116661;0.537498;0.0179858;0.834963;0.7;0
12;306.333;-672.965;1578.8;-0.138172;0.0706046;-0.00515808;0.987875;0.7;0
13;145.276;-1038.02;1768.76;0;0;0;0;0;0
14;309.777;-1028.27;1679.92;0;0;0;0;0;0
1;1001;2
0;208.49;364.524;1760.22;0.0234857;0.0830566;0.0175929;0.996113;0.7;0.7
1;217.089;88.9123;1746.5;0.0234857;0.0830566;0.0175929;0.996113;0.7;0.7
2;46.8158;83.3804;1775.11;0.467712;0.0544677;0.164703;0.86669;0.7;0.7
3;387.362;94.4443;1717.88;0.455306;0.00014898;-0.148802;0.877812;0.7;0.7
4;-218.116;-11.4628;1758.29;0.47471;-0.467868;-0.143292;0.731585;0.7;0.7
5;639.153;25.6541;1682.12;0.422327;0.634236;0.226021;0.606876;0.7;0.7
6;-418.457;239.903;1547.42;0;0;0;0;0.7;0
7;669.134;285.905;1496.13;0;0;0;0;0.7;0
8;215.582;-105.282;1699.98;0.11717;0.0844286;0.00618394;0.989497;0.7;0.7
9;113.049;-302.759;1670.45;-0.0214086;0.539983;-0.0439368;0.840256;0.7;0.7
10;315.101;-296.195;1636.49;0.0179732;0.0821597;-0.0102918;0.996404;0.7;0.7
11;93.5635;-685.131;1702.5;-0.111876;0.541675;0.0143591;0.832986;0.7;0
12;306.086;-680.073;1623.38;-0.0993523;0.0827242;-0.000909499;0.991607;0.7;0
13;147.176;-1045.16;1765.61;0;0;0;0;0;0
14;311.492;-1042.21;1696.23;0;0;0;0;0;0
FileEnding
