56               
1;32822;2
0;7.62168;387.884;1678.63;0.0454343;0.0405371;-0.0234647;0.997869;0.7;0.7
1;-6.02561;119.123;1654.65;0.0454343;0.0405371;-0.0234647;0.997869;0.7;0.7
2;-172.767;115.731;1667.11;0.196588;-0.433125;0.250298;0.843272;0.7;0.7
3;160.716;122.516;1642.19;0.34215;0.312692;-0.34093;0.817877;0.7;0.7
4;-277.033;63.1617;1494.09;-0.315356;0.946521;0.0429704;-0.0529383;0.7;0.7
5;274.448;54.1747;1494.09;0.456931;0.87192;0.15657;0.0803486;0.7;0.7
6;-21.4007;256.463;1470.6;0;0;0;0;0.7;0
7;154.246;227.66;1494.72;0;0;0;0;0.7;0
8;-4.67453;-75.891;1619.64;0.0884996;0.0380428;0.00680808;0.995326;0.7;0.7
9;-109.621;-273.068;1592.58;-0.0296249;0.07514;-0.0218645;0.996493;0.7;0.7
10;102.974;-268.742;1576.69;0.0248318;-0.297259;-0.0906192;0.950162;0.7;0.7
11;-121.536;-576.793;1611.56;-0.0953243;0.0807668;0.0273823;0.991786;0.7;0.7
12;43.128;-642.146;1538.27;-0.123555;-0.267668;0.0733767;0.952735;0.7;0
13;-92.7246;-981.955;1687.88;0;0;0;0;0.7;0
14;70.0554;-992.546;1638.68;0;0;0;0;0;0
1;32823;2
0;9.99557;385.973;1681.4;0.054288;0.0580183;-0.0220988;0.996593;0.7;0.7
1;-3.79369;113.967;1652.46;0.054288;0.0580183;-0.0220988;0.996593;0.7;0.7
2;-167.543;110.518;1670.51;0.186003;-0.44833;0.263819;0.833548;0.7;0.7
3;159.955;117.416;1634.41;0.337496;0.296081;-0.307465;0.838986;0.7;0.7
4;-257.18;57.1752;1505.31;-0.322295;0.944479;0.0179954;-0.0613351;0.7;0.7
5;275.041;60.1872;1506.88;0.426251;0.882611;0.163548;0.112071;0.7;0.7
6;-21.4328;240.734;1473.99;0;0;0;0;0.7;0
7;152.606;218.179;1495.18;0;0;0;0;0.7;0
8;-3.63322;-78.9586;1617.06;0.0904552;0.0555831;0.00546783;0.994333;0.7;0.7
9;-107.916;-274.084;1593.17;0.0355685;0.0918723;-0.0039263;0.995128;0.7;0.7
10;100.97;-269.685;1570.14;0.0326376;-0.280454;-0.100098;0.954076;0.7;0.7
11;-113.352;-651.944;1566.62;-0.120946;0.0915343;0.0123078;0.988353;0.7;0
12;35.5481;-640.117;1525.28;-0.113329;-0.251559;0.0713732;0.95853;0.7;0
13;-96.4245;-1005.44;1652.89;0;0;0;0;0;0
14;64.6193;-991.309;1617.5;0;0;0;0;0;0
1;32824;2
0;12.0791;386.151;1674.95;0.0386179;0.069064;-0.0215459;0.996632;0.7;0.7
1;-1.45938;106.837;1654.2;0.0386179;0.069064;-0.0215459;0.996632;0.7;0.7
2;-163.176;103.297;1675.67;0.210676;-0.468543;0.282025;0.810274;0.7;0.7
3;160.257;110.377;1632.73;0.33487;0.276456;-0.240972;0.867967;0.7;0.7
4;-242.36;52.1411;1502.64;-0.351435;0.934343;0.0203975;-0.0555047;0.7;0.7
5;297.987;66.447;1511.9;0.356816;0.905141;0.207093;0.102544;0.7;0.7
6;-27.6092;241.634;1476.93;0;0;0;0;0.7;0
7;134.528;221.799;1503.36;0;0;0;0;0.7;0
8;-2.03945;-81.3648;1618.8;0.0927266;0.0666566;0.00469712;0.993447;0.7;0.7
9;-105.558;-271.82;1597.06;0.0283872;0.102936;-0.00131575;0.994282;0.7;0.7
10;100.319;-267.313;1569.73;0.0615231;-0.274498;-0.053169;0.958143;0.7;0.7
11;-107.857;-543.081;1581.8;-0.105406;0.101656;0.00771019;0.98919;0.7;0.7
12;74.5139;-641.171;1514;-0.121327;-0.248367;0.0431946;0.960067;0.7;0
13;-92.0253;-965.003;1671.11;0;0;0;0;0.7;0
14;82.7733;-993.383;1606.69;0;0;0;0;0;0
1;32825;2
0;12.5284;385.84;1676.97;0.0421389;0.0723434;-0.0213004;0.996262;0.7;0.7
1;-1.11645;105.979;1654.23;0.0421389;0.0723434;-0.0213004;0.996262;0.7;0.7
2;-162.847;102.491;1676.81;0.21721;-0.479677;0.30788;0.792426;0.7;0.7
3;160.614;109.468;1631.66;0.338359;0.26001;-0.212035;0.879175;0.7;0.7
4;-236.565;43.6489;1488.65;-0.376305;0.926125;0.0190982;-0.0179434;0.7;0.7
5;308.518;71.8885;1517;0.326329;0.91135;0.230119;0.0999815;0.7;0.7
6;-32.8845;242.082;1483.28;0;0;0;0;0.7;0
7;122.044;227.679;1509.21;0;0;0;0;0.7;0
8;-1.96428;-80.8293;1619.3;0.0922384;0.0699739;0.00425236;0.993266;0.7;0.7
9;-105.066;-269.843;1598.63;0.0326967;0.10608;0.00402845;0.993812;0.7;0.7
10;99.4415;-265.433;1570.09;0.066668;-0.27125;-0.0570248;0.958502;0.7;0.7
11;-104.66;-647.847;1573.69;-0.0998659;0.103278;0.00460272;0.989616;0.7;0
12;71.7307;-638.427;1509.95;-0.111449;-0.24635;0.0429922;0.961791;0.7;0
13;-93.8283;-1004.82;1645.34;0;0;0;0;0;0
14;81.8526;-992.287;1595.76;0;0;0;0;0;0
1;32826;2
0;12.4328;385.877;1679.83;0.0344892;0.0889737;-0.0153608;0.995318;0.7;0.7
1;1.96471;101.572;1661.04;0.0344892;0.0889737;-0.0153608;0.995318;0.7;0.7
2;-159.339;96.6857;1688.96;0.227953;-0.481886;0.306482;0.788601;0.7;0.7
3;163.268;106.459;1633.11;0.346904;0.271564;-0.193413;0.876642;0.7;0.7
4;-239.217;36.1092;1482.26;-0.381;0.923993;0.0270777;-0.0185184;0.7;0.7
5;313.853;77.2794;1514.93;0.305559;0.915572;0.253741;0.063058;0.7;0.7
6;-48.907;225.371;1478.62;0;0;0;0;0.7;0
7;85.3624;245.112;1526.17;0;0;0;0;0.7;0
8;0.598947;-83.8421;1620.7;0.106795;0.0866949;0.00571421;0.990478;0.7;0.7
9;-101.07;-272.295;1597.74;0.02622;0.123088;-0.00261045;0.992046;0.7;0.7
10;99.5359;-266.218;1563.01;0.0535152;-0.252405;-0.0671727;0.963803;0.7;0.7
11;-104.065;-529.424;1584.51;-0.106272;0.121598;0.00682281;0.98685;0.7;0.7
12;69.2583;-557.343;1522.51;-0.108013;-0.227674;0.0483287;0.966521;0.7;0.7
13;-87.6766;-936.861;1671.26;0;0;0;0;0.7;0
14;88.4911;-979.926;1622.85;0;0;0;0;0.7;0
1;32827;2
0;11.8985;386.145;1681.58;0.0325515;0.07766;-0.0139041;0.996351;0.7;0.7
1;2.52274;100.688;1663.64;0.0325515;0.07766;-0.0139041;0.996351;0.7;0.7
2;-159.036;96.7068;1687.91;0.226304;-0.4804;0.296529;0.793771;0.7;0.7
3;164.081;104.67;1639.36;0.332009;0.274665;-0.191869;0.881768;0.7;0.7
4;-242.725;38.235;1480.89;-0.372074;0.927208;0.0265377;-0.0337962;0.7;0.7
5;316.688;73.974;1518.97;0.295398;0.92224;0.244507;0.0492908;0.7;0.7
6;-54.5125;218.859;1469.69;0;0;0;0;0.7;0
7;72.3318;243.393;1534.91;0;0;0;0;0.7;0
8;0.370428;-81.5658;1619.42;0.118829;0.0754037;0.00325471;0.990042;0.7;0.7
9;-103.489;-266.327;1590.47;-0.0286965;0.112494;-0.00121495;0.993237;0.7;0.7
10;99.9253;-261.313;1559.91;-0.000219705;-0.260567;-0.0431301;0.964492;0.7;0.7
11;-101.957;-644.593;1612.18;-0.0986421;0.112275;0.00653739;0.988747;0.7;0
12;68.3592;-638.795;1551.56;-0.0799757;-0.250698;0.045717;0.963672;0.7;0
13;-89.1778;-1001.79;1682.71;0;0;0;0;0;0
14;85.8513;-996.931;1616.07;0;0;0;0;0;0
1;32828;2
0;11.3699;386.796;1681.37;0.0313926;0.0742269;-0.0116092;0.99668;0.7;0.7
1;3.38498;100.231;1663.89;0.0313926;0.0742269;-0.0116092;0.99668;0.7;0.7
2;-158.905;97.2595;1687.35;0.225605;-0.484126;0.296696;0.791641;0.7;0.7
3;165.675;103.202;1640.43;0.270365;0.284436;-0.161281;0.905532;0.7;0.7
4;-242.79;37.9067;1474.71;-0.371628;0.927665;0.0286245;-0.0226193;0.7;0.7
5;318;76.4083;1523.72;0.248118;0.947114;0.193768;0.0621856;0.7;0.7
6;-45.1285;226.824;1469.05;0;0;0;0;0.7;0
7;106.858;196.438;1518.46;0;0;0;0;0.7;0
8;0.197712;-79.7439;1619.05;0.122071;0.0722916;0.000236218;0.989885;0.7;0.7
9;-106.809;-261.619;1589.23;-0.0424944;0.110033;-0.000490022;0.993019;0.7;0.7
10;100.83;-257.818;1559.21;-0.00987967;-0.262699;-0.0296604;0.964371;0.7;0.7
11;-103.635;-639.142;1621.24;-0.10274;0.109958;0.00721259;0.988586;0.7;0
12;77.1879;-635.969;1560.52;-0.0675897;-0.256841;0.035169;0.963446;0.7;0
13;-90.2077;-995.732;1694.67;0;0;0;0;0;0
14;89.2276;-996.058;1614.55;0;0;0;0;0;0
1;32829;2
0;11.2681;387.001;1681.19;0.0315323;0.0819221;-0.00904467;0.996099;0.7;0.7
1;4.64964;102.154;1663.68;0.0315323;0.0819221;-0.00904467;0.996099;0.7;0.7
2;-157.302;99.2747;1689.83;0.216619;-0.485302;0.301091;0.791772;0.7;0.7
3;166.601;105.034;1637.53;0.313546;0.290983;-0.144379;0.892285;0.7;0.7
4;-241.694;34.5726;1471.61;-0.370067;0.928649;0.0251085;-0.0056092;0.7;0.7
5;284.034;93.8438;1546.77;0.248761;0.936956;0.239321;0.0543811;0.7;0.7
6;-34.3553;230.936;1473.94;0;0;0;0;0.7;0
7;30.3951;237.282;1551.77;0;0;0;0;0.7;0
8;1.08654;-80.355;1621.51;0.113682;0.0804211;-0.000370272;0.990257;0.7;0.7
9;-105.658;-264.699;1596;-0.0344033;0.117741;-0.00705741;0.992423;0.7;0.7
10;100.705;-261.03;1562.68;-0.00213449;-0.255537;-0.0224983;0.966535;0.7;0.7
11;-107.896;-642.613;1622.5;-0.110869;0.118616;0.00826861;0.986696;0.7;0
12;83.8154;-639.491;1559.89;-0.0759485;-0.248916;0.0332377;0.96497;0.7;0
13;-92.3708;-997.885;1701.48;0;0;0;0;0;0
14;93.4095;-998.761;1619.31;0;0;0;0;0;0
1;32830;2
0;11.353;387.646;1682.59;0.0365851;0.0791404;-0.00708267;0.996167;0.7;0.7
1;5.6839;103.583;1662.15;0.0365851;0.0791404;-0.00708267;0.996167;0.7;0.7
2;-155.726;101.724;1687.54;0.257681;-0.578923;0.452267;0.627617;0.7;0.7
3;167.094;105.441;1636.76;0.279853;0.276345;-0.13333;0.909692;0.7;0.7
4;-141.697;54.1302;1517.94;-0.500629;0.852772;-0.142531;-0.0428341;0.7;0.7
5;298.209;91.2422;1543.49;0.233959;0.944382;0.203366;0.109761;0.7;0.7
6;-26.6955;249.636;1467.82;0;0;0;0;0.7;0
7;124.9;188.562;1521.05;0;0;0;0;0.7;0
8;1.50849;-83.592;1621.9;0.106216;0.0780927;-0.00263026;0.991268;0.7;0.7
9;-105.542;-271.952;1597.84;-0.0338681;0.115603;-0.00967986;0.992671;0.7;0.7
10;100.208;-269.582;1565.47;0.0505765;-0.258417;0.0152558;0.964588;0.7;0.7
11;-109.856;-649.826;1624.15;-0.105648;0.117613;0.0139011;0.987326;0.7;0
12;121.259;-646.282;1531.5;-0.10904;-0.253665;0.0109105;0.961065;0.7;0
13;-90.8055;-1005.8;1698.95;0;0;0;0;0;0
14;108.748;-1001.78;1609.85;0;0;0;0;0;0
1;32831;2
0;11.7039;387.997;1683.59;0.0344961;0.0756219;-0.00497243;0.996527;0.7;0.7
1;7.43464;106.467;1664.4;0.0344961;0.0756219;-0.00497243;0.996527;0.7;0.7
2;-153.233;105.346;1688.68;0.252079;-0.60765;0.295723;0.692652;0.7;0.7
3;168.102;107.587;1640.11;0.343577;0.256358;-0.156686;0.889767;0.7;0.7
4;-171.594;83.4454;1478.64;-0.388298;0.92115;-0.0148315;-0.0220678;0.7;0.7
5;306.788;90.2114;1544.68;0.273656;0.92113;0.260208;0.0944645;0.7;0.7
6;-30.8856;227.631;1468.11;0;0;0;0;0.7;0
7;77.4866;242.635;1535.98;0;0;0;0;0.7;0
8;2.64146;-84.5702;1623.87;0.104942;0.0748817;-0.00444731;0.991645;0.7;0.7
9;-105.261;-276.326;1598.93;-0.0426814;0.112726;-0.011817;0.992639;0.7;0.7
10;100.958;-274.888;1567.76;0.114713;-0.259285;0.0180244;0.958795;0.7;0.7
11;-109.687;-594.913;1626.88;-0.099329;0.115652;0.0187555;0.988133;0.7;0.7
12;128.094;-555.633;1506.99;-0.126751;-0.249222;0.013081;0.960027;0.7;0.7
13;-86.178;-978.462;1702.04;0;0;0;0;0.7;0
14;112.287;-957.424;1610.76;0;0;0;0;0.7;0
1;32832;2
0;12.1757;387.198;1683.79;0.0433843;0.0673867;-0.00921498;0.996741;0.7;0.7
1;4.95747;90.3032;1658.39;0.0433843;0.0673867;-0.00921498;0.996741;0.7;0.7
2;-157.569;87.5304;1679.83;0.293572;-0.608978;0.259255;0.689745;0.7;0.7
3;167.483;93.076;1636.94;0.351285;0.246817;-0.156179;0.889544;0.7;0.7
4;-185.438;87.5123;1456.56;-0.387089;0.919728;0.0596667;0.0265244;0.7;0.7
5;310.35;75.0837;1542.4;0.275222;0.917681;0.268415;0.100344;0.7;0.7
6;-22.9844;252.279;1478.64;0;0;0;0;0.7;0
7;84.6901;227.363;1532.48;0;0;0;0;0.7;0
8;2.89564;-99.6499;1618.19;0.10419;0.0660583;0.00158535;0.99236;0.7;0.7
9;-102.822;-291.372;1591.68;-0.0469786;0.102886;-0.0129503;0.993499;0.7;0.7
10;104.49;-287.835;1564.33;0.126199;-0.266047;0.0140993;0.95556;0.7;0.7
11;-107.572;-585.623;1620.06;-0.103453;0.106614;0.0228969;0.988639;0.7;0.7
12;129.706;-547.184;1501.7;-0.125125;-0.253341;0.0171345;0.959098;0.7;0.7
13;-81.267;-967.521;1698.07;0;0;0;0;0.7;0
14;117.085;-947.397;1604.51;0;0;0;0;0.7;0
1;32833;2
0;11.9445;386.04;1683.94;0.0489508;0.0663119;-0.0090589;0.996556;0.7;0.7
1;4.53049;85.5109;1654.84;0.0489508;0.0663119;-0.0090589;0.996556;0.7;0.7
2;-157.23;82.3856;1675.79;0.29621;-0.597896;0.255222;0.699744;0.7;0.7
3;166.291;88.6362;1633.88;0.330224;0.234766;-0.195091;0.893183;0.7;0.7
4;-192.488;81.7078;1450.72;-0.383633;0.919586;0.0755244;0.0385165;0.7;0.7
5;314.551;53.3857;1533.98;0.296258;0.919616;0.243598;0.0848364;0.7;0.7
6;-13.1017;260.345;1483.6;0;0;0;0;0.7;0
7;92.5367;214.05;1530.78;0;0;0;0;0.7;0
8;3.20732;-103.804;1616.39;0.100018;0.0650042;0.00309904;0.992855;0.7;0.7
9;-102.796;-295.141;1591.51;-0.039713;0.101183;-0.0166099;0.993936;0.7;0.7
10;106.564;-291.096;1564.38;-0.09301;-0.273679;0.0375821;0.956575;0.7;0.7
11;-112.239;-671.751;1622.62;-0.111438;0.106175;0.026354;0.987732;0.7;0
12;114.499;-661.499;1639.42;0.0650969;-0.260925;-0.0176395;0.963;0.7;0
13;-84.7151;-1025.69;1700.6;0;0;0;0;0;0
14;114.498;-1021.66;1590.51;0;0;0;0;0;0
1;32834;2
0;11.6239;385.652;1683.64;0.0541647;0.0584076;-0.00785553;0.996791;0.7;0.7
1;4.9681;84.7627;1651.23;0.0541647;0.0584076;-0.00785553;0.996791;0.7;0.7
2;-156.202;81.9313;1669.6;0.27468;-0.606189;0.215841;0.714492;0.7;0.7
3;166.138;87.5941;1632.86;0.347436;0.230021;-0.188672;0.889259;0.7;0.7
4;-194.474;87.4049;1450.33;-0.337678;0.935428;0.0894994;0.0542042;0.7;0.7
5;314.157;55.9895;1535.7;0.30312;0.911579;0.253826;0.11276;0.7;0.7
6;14.1211;256.783;1494.4;0;0;0;0;0.7;0
7;125.578;201.423;1523.37;0;0;0;0;0.7;0
8;4.07884;-103.714;1614.38;0.0963615;0.0572913;0.00322579;0.993691;0.7;0.7
9;-101.557;-294.031;1589.47;-0.0428632;0.0932982;-0.0208634;0.994496;0.7;0.7
10;107.936;-290.351;1565.59;-0.0810101;-0.281262;0.0322236;0.955662;0.7;0.7
11;-114.221;-670.356;1623.17;-0.11049;0.0984744;0.0207609;0.988769;0.7;0
12;113.992;-662.647;1630.98;0.0457039;-0.273335;-0.0182239;0.96066;0.7;0
13;-91.3872;-1024.67;1701.11;0;0;0;0;0;0
14;110.347;-1024.39;1595.44;0;0;0;0;0;0
1;32835;2
0;11.8268;385.306;1683.1;0.0628158;0.0509473;-0.00834412;0.996689;0.7;0.7
1;4.86756;85.5995;1645.53;0.0628158;0.0509473;-0.00834412;0.996689;0.7;0.7
2;-155.635;83.9014;1661.56;0.26505;-0.59226;0.220266;0.728326;0.7;0.7
3;165.37;87.2976;1629.49;0.357201;0.220258;-0.178275;0.890006;0.7;0.7
4;-197.715;82.461;1456.93;-0.333977;0.937341;0.0850196;0.0512158;0.7;0.7
5;314.854;58.8081;1536.99;0.296673;0.908853;0.267133;0.120874;0.7;0.7
6;19.8369;256.517;1500.01;0;0;0;0;0.7;0
7;128.244;200.593;1522.62;0;0;0;0;0.7;0
8;3.38908;-101.853;1610.87;0.0913573;0.0500297;0.000696608;0.99456;0.7;0.7
9;-103.257;-290.418;1586.72;-0.0545;0.0866809;-0.0199089;0.994545;0.7;0.7
10;107.079;-288.193;1565.71;-0.0762104;-0.287883;0.0262897;0.954266;0.7;0.7
11;-114.656;-665.916;1629.01;-0.104527;0.0912348;0.0187197;0.990151;0.7;0
12;109.459;-661.323;1626.42;0.032208;-0.282707;-0.0137783;0.958566;0.7;0
13;-94.2478;-1021.22;1703.01;0;0;0;0;0;0
14;106.476;-1023.93;1601.14;0;0;0;0;0;0
1;32836;2
0;12.2299;385.232;1683.36;0.0680938;0.0503219;-0.00849507;0.996373;0.7;0.7
1;5.14507;90.1256;1643.19;0.0680938;0.0503219;-0.00849507;0.996373;0.7;0.7
2;-154.933;88.2846;1658.95;0.233574;-0.533349;0.259752;0.770396;0.7;0.7
3;165.223;91.9665;1627.43;0.354459;0.226703;-0.175349;0.890066;0.7;0.7
4;-215.544;57.3643;1465.92;-0.344358;0.936175;0.0587006;0.039342;0.7;0.7
5;314.655;64.8896;1533.04;0.293225;0.911147;0.265344;0.115856;0.7;0.7
6;13.9258;250.711;1500.38;0;0;0;0;0.7;0
7;121;208.905;1519.62;0;0;0;0;0.7;0
8;3.87795;-98.42;1608.3;0.0914153;0.0493692;0.00121558;0.994588;0.7;0.7
9;-104.915;-288.202;1583.99;-0.0588151;0.0866975;-0.00726975;0.99447;0.7;0.7
10;110.136;-285.729;1562.82;-0.0760539;-0.289065;0.020735;0.954058;0.7;0.7
11;-106.526;-663.772;1628.72;-0.104108;0.0884034;0.0107951;0.99057;0.7;0
12;108.47;-659.255;1622.24;0.0139738;-0.286295;-0.0104955;0.957982;0.7;0
13;-92.054;-1019.48;1703.03;0;0;0;0;0;0
14;104.067;-1022.71;1610.32;0;0;0;0;0;0
1;32837;2
0;12.5614;385.572;1683.1;0.0703947;0.0458362;-0.0065085;0.996444;0.7;0.7
1;6.98223;101.214;1642.98;0.0703947;0.0458362;-0.0065085;0.996444;0.7;0.7
2;-151.15;100.544;1657.36;0.197217;-0.491973;0.326462;0.782618;0.7;0.7
3;165.114;101.884;1628.6;0.344385;0.218468;-0.171499;0.896804;0.7;0.7
4;-222.353;26.008;1445.98;-0.38084;0.92199;0.0207996;0.0668048;0.7;0.7
5;320.581;72.9995;1534.85;0.277606;0.91794;0.266361;0.0968116;0.7;0.7
6;-8.00438;239.894;1488.49;0;0;0;0;0.7;0
7;96.0534;225.347;1526.75;0;0;0;0;0.7;0
8;4.68708;-92.1955;1608.72;0.0877068;0.0453345;-0.00187511;0.995112;0.7;0.7
9;-105.312;-286.061;1584.26;-0.0562094;0.083604;-0.00275772;0.994909;0.7;0.7
10;110.096;-285.149;1564.68;-0.0648599;-0.292576;0.0160608;0.953905;0.7;0.7
11;-103.838;-660.657;1626.6;-0.0998049;0.0847046;0.0116314;0.991327;0.7;0
12;107.34;-658.765;1614.87;-0.00516102;-0.291906;-0.00937022;0.956387;0.7;0
13;-89.3497;-1015.82;1697.61;0;0;0;0;0;0
14;99.7506;-1021.17;1616.46;0;0;0;0;0;0
1;32838;2
0;12.6841;386.072;1683.52;0.0717608;0.0448913;-0.00532849;0.996397;0.7;0.7
1;7.83892;105.032;1643.04;0.0717608;0.0448913;-0.00532849;0.996397;0.7;0.7
2;-149.741;104.361;1657.1;0.188751;-0.496082;0.322299;0.783836;0.7;0.7
3;165.419;105.702;1628.98;0.342374;0.213998;-0.173562;0.898255;0.7;0.7
4;-219.195;30.7565;1448.93;-0.373401;0.926084;0.00869241;0.0535259;0.7;0.7
5;320.76;75.4326;1536.81;0.277987;0.918131;0.264702;0.0984439;0.7;0.7
6;-16.3836;226.553;1478.87;0;0;0;0;0.7;0
7;91.8892;231.3;1527.5;0;0;0;0;0.7;0
8;5.56385;-90.1032;1608.24;0.088299;0.0444916;-0.00181891;0.995098;0.7;0.7
9;-104.295;-285.696;1583.04;-0.0593411;0.0827098;-0.00370925;0.994798;0.7;0.7
10;110.872;-284.781;1563.84;-0.0621823;-0.293745;0.0104471;0.953802;0.7;0.7
11;-103.376;-659.979;1627.77;-0.0949287;0.0839845;0.0119072;0.991864;0.7;0
12;104.614;-658.732;1610.87;0.000228788;-0.292893;-0.00522502;0.956131;0.7;0
13;-89.0359;-1015.8;1695.3;0;0;0;0;0;0
14;101.041;-1021.16;1609.6;0;0;0;0;0;0
1;32839;2
0;12.1694;386.547;1684.23;0.072494;0.0446007;-0.00293528;0.996367;0.7;0.7
1;8.69332;107.274;1643.53;0.072494;0.0446007;-0.00293528;0.996367;0.7;0.7
2;-149.038;106.331;1657.53;0.181099;-0.499449;0.335139;0.778097;0.7;0.7
3;166.424;108.216;1629.53;0.340069;0.210977;-0.177442;0.899086;0.7;0.7
4;-211.186;29.7553;1455.52;-0.380841;0.923329;-0.00867854;0.0484705;0.7;0.7
5;315.911;77.2653;1541.38;0.283183;0.916968;0.258728;0.109717;0.7;0.7
6;-15.9063;224.731;1478.48;0;0;0;0;0.7;0
7;91.795;235.585;1526.35;0;0;0;0;0.7;0
8;6.6869;-89.0714;1607.71;0.0902241;0.0443457;-0.0010304;0.994933;0.7;0.7
9;-101.145;-286.049;1581.29;-0.0557942;0.0822934;-0.00592215;0.995027;0.7;0.7
10;110.506;-284.784;1562.5;-0.0640327;-0.293972;0.0105805;0.953608;0.7;0.7
11;-102.126;-660.624;1623.51;-0.0920756;0.0839644;0.0135505;0.992113;0.7;0
12;103.922;-658.557;1610.88;0.0121522;-0.292337;-0.00520929;0.956224;0.7;0
13;-86.7768;-1016.8;1688.91;0;0;0;0;0;0
14;102.886;-1020.88;1601.35;0;0;0;0;0;0
1;32840;2
0;12.1393;387.025;1684.03;0.0732173;0.0483029;-0.00368806;0.996139;0.7;0.7
1;8.12175;111.429;1643.49;0.0732173;0.0483029;-0.00368806;0.996139;0.7;0.7
2;-150.144;109.083;1658.49;0.154248;-0.491777;0.341897;0.785792;0.7;0.7
3;166.388;113.774;1628.49;0.308085;0.236763;-0.254571;0.885562;0.7;0.7
4;-214.577;21.1411;1458.17;-0.373864;0.925601;-0.0301958;0.0507688;0.7;0.7
5;279.492;68.2811;1542.55;0.352182;0.909329;0.18892;0.115749;0.7;0.7
6;-12.407;217.62;1478.35;0;0;0;0;0.7;0
7;103.367;234.47;1523.74;0;0;0;0;0.7;0
8;7.70062;-85.5402;1608.24;0.0883697;0.047684;0.00317757;0.994941;0.7;0.7
9;-96.063;-284.04;1582.79;-0.029263;0.0836729;-0.0243078;0.995767;0.7;0.7
10;110.622;-280.978;1563.2;-0.0603221;-0.292024;0.00674283;0.954483;0.7;0.7
11;-108.99;-580.256;1601.31;-0.106312;0.0897284;0.0229525;0.99001;0.7;0.7
12;102.204;-654.682;1608.04;0.0134371;-0.290635;-0.00207686;0.956738;0.7;0
13;-81.5001;-996.206;1689.24;0;0;0;0;0.7;0
14;103.593;-1016.55;1598.29;0;0;0;0;0;0
1;32841;2
0;11.9148;387.976;1683.32;0.0719496;0.050669;-0.00527874;0.996107;0.7;0.7
1;7.00458;115.111;1643.94;0.0719496;0.050669;-0.00527874;0.996107;0.7;0.7
2;-152.471;109.894;1659.32;0.1423;-0.491527;0.34151;0.788367;0.7;0.7
3;166.48;120.327;1628.57;0.289492;0.261143;-0.302082;0.869911;0.7;0.7
4;-217.525;18.446;1459.21;-0.367879;0.92757;-0.0392853;0.0522927;0.7;0.7
5;264.733;66.3222;1537.8;0.390468;0.903259;0.150312;0.0952058;0.7;0.7
6;-11.8296;213.547;1478.56;0;0;0;0;0.7;0
7;106.068;238.363;1525;0;0;0;0;0.7;0
8;9.94966;-75.8377;1609.7;0.0881087;0.0492703;0.0119931;0.994819;0.7;0.7
9;-86.1646;-270.027;1585.01;-0.0145572;0.0833444;-0.0361226;0.995759;0.7;0.7
10;111.954;-263.546;1565.91;-0.0579753;-0.292489;0.00304848;0.954505;0.7;0.7
11;-108.822;-594.984;1596.42;-0.119624;0.0935493;0.0282592;0.987998;0.7;0.7
12;101.376;-637.524;1608.25;0.0154407;-0.291297;-0.000812417;0.956508;0.7;0
13;-75.3598;-1009.84;1695.28;0;0;0;0;0.7;0
14;104.07;-999.385;1597.39;0;0;0;0;0;0
1;32842;2
0;11.7095;388.839;1682.21;0.0723526;0.0498524;-0.0057616;0.996116;0.7;0.7
1;6.55608;116.048;1642.63;0.0723526;0.0498524;-0.0057616;0.996116;0.7;0.7
2;-153.232;109.642;1657.56;0.135432;-0.484295;0.34019;0.794599;0.7;0.7
3;166.344;122.454;1627.7;0.296372;0.242233;-0.272728;0.88267;0.7;0.7
4;-221.84;15.8339;1460.12;-0.363596;0.929383;-0.0432312;0.0466459;0.7;0.7
5;275.962;71.9864;1539.68;0.363681;0.909268;0.173071;0.104948;0.7;0.7
6;-10.5439;212.286;1476.09;0;0;0;0;0.7;0
7;105.202;238.977;1524.13;0;0;0;0;0.7;0
8;10.8806;-70.327;1608.95;0.0885939;0.0481284;0.0157601;0.99478;0.7;0.7
9;-84.6626;-260.705;1584.6;-0.00838259;0.0816009;-0.0372073;0.995935;0.7;0.7
10;115.073;-252.698;1565.94;-0.0568301;-0.294494;-0.00125242;0.953961;0.7;0.7
11;-112.052;-636.126;1593.18;-0.127673;0.0936608;0.0347871;0.986771;0.7;0
12;101.57;-626.781;1606.49;-0.00412022;-0.294185;0.00792196;0.955707;0.7;0
13;-78.5385;-985.482;1682.04;0;0;0;0;0;0
14;106.175;-988.758;1611.02;0;0;0;0;0;0
1;32843;2
0;11.4531;389.665;1681.42;0.0843995;0.0603029;-0.00770425;0.994576;0.7;0.7
1;4.44325;118.762;1635.53;0.0843995;0.0603029;-0.00770425;0.994576;0.7;0.7
2;-154.545;111.725;1653.64;0.126413;-0.475747;0.345207;0.799072;0.7;0.7
3;163.431;125.799;1617.43;0.323631;0.177703;-0.23568;0.898966;0.7;0.7
4;-225.091;13.2299;1460.12;-0.363877;0.929112;-0.0523662;0.0400263;0.7;0.7
5;312.879;69.9259;1531.99;0.321758;0.910935;0.238232;0.0995747;0.7;0.7
6;-12.7681;210.577;1470.64;0;0;0;0;0.7;0
7;107.23;238.477;1524.52;0;0;0;0;0.7;0
8;9.14026;-65.9334;1604.99;0.0809465;0.0582217;0.0173432;0.994865;0.7;0.7
9;-87.7185;-255.123;1586.02;-0.00400283;0.090656;-0.0316476;0.995371;0.7;0.7
10;115.393;-246.133;1562.89;-0.0507637;-0.285805;-0.00120319;0.956942;0.7;0.7
11;-109.724;-607.763;1590.86;-0.13937;0.101448;0.0323222;0.9845;0.7;0.7
12;103.602;-620.652;1599.2;-0.0170059;-0.285588;0.0134489;0.958107;0.7;0
13;-70.3366;-1018.72;1705.64;0;0;0;0;0.7;0
14;109.415;-982.293;1613.78;0;0;0;0;0;0
1;32844;2
0;10.8982;390.801;1680.21;0.0885229;0.0647774;-0.0104317;0.993911;0.7;0.7
1;1.99263;118.667;1631.92;0.0885229;0.0647774;-0.0104317;0.993911;0.7;0.7
2;-156.328;111.793;1651.33;0.122466;-0.476704;0.34182;0.800571;0.7;0.7
3;160.313;125.54;1612.52;0.341361;0.136382;-0.210113;0.905939;0.7;0.7
4;-227.607;13.3769;1457.72;-0.358963;0.93093;-0.0546326;0.0391256;0.7;0.7
5;332.282;68.9872;1535.72;0.292588;0.909878;0.273984;0.106992;0.7;0.7
6;-9.75972;211.593;1467.63;0;0;0;0;0.7;0
7;103.889;236.498;1525.98;0;0;0;0;0.7;0
8;6.15312;-64.4632;1601;0.0826532;0.0624817;0.0164532;0.994482;0.7;0.7
9;-95.2386;-252.176;1583.02;-0.0149359;0.0954844;-0.0229825;0.995054;0.7;0.7
10;115.866;-243.011;1557.14;-0.0355212;-0.282149;-0.00994859;0.958661;0.7;0.7
11;-110.472;-606.847;1595.14;-0.139334;0.104101;0.0349543;0.984138;0.7;0.7
12;101.162;-617.866;1580.63;-0.0400061;-0.280971;0.0252431;0.95855;0.7;0
13;-69.585;-1007.62;1706.74;0;0;0;0;0.7;0
14;110.527;-977.671;1613.48;0;0;0;0;0;0
1;32845;2
0;11.0671;391.531;1679.23;0.0820698;0.0439608;-0.0168062;0.995515;0.7;0.7
1;-0.500862;111.14;1633.18;0.0820698;0.0439608;-0.0168062;0.995515;0.7;0.7
2;-162.112;105.23;1646.06;0.148583;-0.486313;0.335246;0.793116;0.7;0.7
3;161.11;117.05;1620.3;0.358497;0.14383;-0.196832;0.901138;0.7;0.7
4;-229.281;19.1599;1452.47;-0.364952;0.929762;-0.0357297;0.0328019;0.7;0.7
5;337.285;66.7406;1540.25;0.267112;0.877738;0.34694;-0.194576;0.7;0.7
6;-18.3845;215.5;1462.54;0;0;0;0;0.7;0
7;84.9382;174.545;1710.38;0;0;0;0;0.7;0
8;3.5824;-74.769;1599.12;0.0899422;0.0412172;0.0145798;0.994987;0.7;0.7
9;-102.38;-264.702;1573.83;-0.0318005;0.0756003;-0.0173457;0.99648;0.7;0.7
10;117.712;-256.654;1556.28;-0.0302833;-0.301809;-0.0139147;0.952786;0.7;0.7
11;-113.567;-639.607;1598.63;-0.138453;0.0831479;0.0344979;0.986269;0.7;0
12;100.874;-631.71;1574.82;-0.0486636;-0.299941;0.0242197;0.952408;0.7;0
13;-80.6504;-986.323;1695.27;0;0;0;0;0;0
14;106.997;-991.008;1613.57;0;0;0;0;0;0
1;32846;2
0;11.3624;391.88;1677.64;0.0791057;0.0429132;-0.015155;0.995827;0.7;0.7
1;0.943388;113.735;1633.61;0.0791057;0.0429132;-0.015155;0.995827;0.7;0.7
2;-159.574;107.569;1646.04;0.142336;-0.476229;0.339628;0.798498;0.7;0.7
3;161.46;119.902;1621.18;0.336018;0.151468;-0.184035;0.911197;0.7;0.7
4;-233.446;12.3822;1445.47;-0.366003;0.929297;-0.0406039;0.0282844;0.7;0.7
5;338.777;73.1722;1541.22;0.268779;0.917935;0.273012;0.103046;0.7;0.7
6;-28.1046;204.248;1451.89;0;0;0;0;0.7;0
7;88.6243;237.998;1528.5;0;0;0;0;0.7;0
8;5.32383;-70.6897;1598.69;0.092866;0.0402235;0.0154822;0.994745;0.7;0.7
9;-99.4038;-259.306;1572.22;-0.0324063;0.0745808;-0.0192823;0.996502;0.7;0.7
10;118.812;-250.923;1555.32;-0.0289411;-0.302826;-0.0193369;0.95241;0.7;0.7
11;-111.342;-613.653;1596.19;-0.132759;0.0817244;0.0298786;0.987321;0.7;0.7
12;100.274;-591.114;1570.12;-0.0809575;-0.297074;0.0377826;0.950666;0.7;0.7
13;-78.2596;-1008.42;1701.66;0;0;0;0;0.7;0
14;109.178;-960.226;1636.28;0;0;0;0;0.7;0
1;32847;2
0;12.1801;391.509;1676.01;0.075813;0.0595253;-0.0173857;0.995192;0.7;0.7
1;-0.255458;109.933;1633.59;0.075813;0.0595253;-0.0173857;0.995192;0.7;0.7
2;-161.159;100.434;1651.09;0.146756;-0.483365;0.33166;0.796758;0.7;0.7
3;160.648;119.432;1616.09;0.334464;0.156135;-0.176571;0.912457;0.7;0.7
4;-234.374;9.91419;1447.96;-0.361381;0.931009;-0.0306548;0.0410743;0.7;0.7
5;338.672;75.8148;1535.37;0.263858;0.919401;0.270965;0.107972;0.7;0.7
6;-24.335;202.812;1463.48;0;0;0;0;0.7;0
7;90.6826;236.818;1518.92;0;0;0;0;0.7;0
8;7.45272;-76.4622;1603.29;0.0791587;0.0562266;0.0249687;0.994962;0.7;0.7
9;-85.8292;-268.819;1583.97;-0.00347052;0.0870059;-0.0374348;0.995498;0.7;0.7
10;116.151;-256.895;1562;-0.0205677;-0.290192;-0.02673;0.956374;0.7;0.7
11;-113.622;-643.695;1589.02;-0.125788;0.0972068;0.022012;0.987038;0.7;0
12;92.4425;-631.978;1570.96;-0.0957792;-0.281052;0.0420768;0.953974;0.7;0
13;-89.0743;-993.384;1677.23;0;0;0;0;0;0
14;102.001;-985.545;1645.57;0;0;0;0;0;0
1;32848;2
0;12.9111;391.026;1674.83;0.0658342;-0.0202141;-0.0209544;0.997406;0.7;0.7
1;2.01682;115.332;1638.04;0.0658342;-0.0202141;-0.0209544;0.997406;0.7;0.7
2;-162.294;112.974;1630.33;0.113203;-0.458136;0.353426;0.807704;0.7;0.7
3;166.328;117.689;1645.75;0.366314;0.235351;-0.239894;0.867684;0.7;0.7
4;-230.737;16.1931;1460.45;-0.367044;0.927039;-0.0548027;0.0536139;0.7;0.7
5;331.673;65.599;1520.98;0.252596;0.882338;0.353411;-0.181042;0.7;0.7
6;-20.5413;215.252;1477.61;0;0;0;0;0.7;0
7;74.0746;167.058;1679.98;0;0;0;0;0.7;0
8;6.4466;-77.7256;1602.67;0.0906955;-0.022694;0.00926476;0.995577;0.7;0.7
9;-93.4304;-272.279;1562.4;-0.0257135;0.0122938;-0.0126529;0.999514;0.7;0.7
10;115.183;-269.286;1572.19;0.0377277;-0.363869;-0.0910167;0.926225;0.7;0.7
11;-102.693;-647.239;1581.83;-0.110047;0.0171217;0.0232153;0.993508;0.7;0
12;62.1714;-637.571;1521.07;-0.114987;-0.338142;0.0715143;0.931302;0.7;0
13;-84.673;-999.234;1660.51;0;0;0;0;0;0
14;82.192;-985.458;1615.88;0;0;0;0;0;0
1;32849;2
0;13.3549;390.76;1674.82;0.058865;-0.0419735;-0.00988733;0.997334;0.7;0.7
1;9.31429;119.335;1642.49;0.058865;-0.0419735;-0.00988733;0.997334;0.7;0.7
2;-159.325;122.419;1628.33;0.0946508;-0.443559;0.362042;0.814385;0.7;0.7
3;177.954;116.251;1656.65;0.208356;0.325706;-0.221879;0.895138;0.7;0.7
4;-229.018;20.0716;1468.25;-0.368962;0.924713;-0.0624487;0.0698105;0.7;0.7
5;329.782;58.6579;1507.87;0.287318;0.950308;0.100453;0.0653578;0.7;0.7
6;-10.2969;230.598;1493.55;0;0;0;0;0.7;0
7;100.942;213.519;1489.45;0;0;0;0;0.7;0
8;9.37342;-66.1073;1601.4;0.108728;-0.0426092;-0.00450806;0.993148;0.7;0.7
9;-93.9738;-249.659;1551.62;-0.0314278;-0.00476856;-0.0157179;0.999371;0.7;0.7
10;112.839;-253.441;1568.99;-0.0519368;-0.375536;-0.021544;0.925101;0.7;0.7
11;-105.885;-624.307;1575.16;-0.100588;0.00110258;0.0316946;0.994423;0.7;0
12;83.2175;-626.642;1599;-0.0645254;-0.372452;0.0409561;0.924899;0.7;0
13;-83.0412;-977.405;1647.38;0;0;0;0;0;0
14;93.2192;-983.555;1653.12;0;0;0;0;0;0
1;32850;2
0;14.2534;391.668;1675.22;0.037701;-0.0573579;-0.00611965;0.997623;0.7;0.7
1;12.2074;132.962;1655.52;0.037701;-0.0573579;-0.00611965;0.997623;0.7;0.7
2;-159.431;139.298;1636.39;0.0814908;-0.437653;0.363654;0.818276;0.7;0.7
3;183.846;126.627;1674.65;0.213166;0.349466;-0.268862;0.871864;0.7;0.7
4;-230.28;33.9972;1480.49;-0.365124;0.92575;-0.0746282;0.0640475;0.7;0.7
5;332.183;49.0011;1498.93;0.219109;0.927158;0.199015;-0.229702;0.7;0.7
6;-16.62;235.997;1499.38;0;0;0;0;0.7;0
7;86.8958;145.729;1656.58;0;0;0;0;0.7;0
8;10.5717;-54.6249;1608.08;0.123099;-0.0572833;-0.0113843;0.990674;0.7;0.7
9;-93.6943;-238.424;1549.19;-0.0417365;-0.0174732;-0.0127186;0.998895;0.7;0.7
10;111.566;-246.001;1572.07;-0.0335358;-0.387901;-0.0305168;0.920585;0.7;0.7
11;-103.785;-612.578;1580.34;-0.0935699;-0.012883;0.0285782;0.995119;0.7;0
12;86.9049;-544.77;1583.49;-0.0699815;-0.383109;0.0513822;0.919614;0.7;0.7
13;-84.1155;-966.803;1647.86;0;0;0;0;0;0
14;105.516;-993.132;1660;0;0;0;0;0.7;0
1;32851;2
0;15.1673;392.87;1675.77;0.0146257;-0.062355;-0.00237448;0.997944;0.7;0.7
1;14.4107;133.462;1668.11;0.0146257;-0.062355;-0.00237448;0.997944;0.7;0.7
2;-156.732;144.47;1647.98;0.108768;-0.450871;0.362312;0.808465;0.7;0.7
3;185.553;122.454;1688.25;0.14886;0.396427;-0.247887;0.871343;0.7;0.7
4;-227.83;39.6667;1474.4;-0.37218;0.92505;-0.0676941;0.0343934;0.7;0.7
5;321.129;46.8203;1504.05;0.288364;0.956514;0.0212981;0.0383786;0.7;0.7
6;-28.6002;231.329;1478.06;0;0;0;0;0.7;0
7;74.6839;210.955;1485.91;0;0;0;0;0.7;0
8;7.73128;-54.8153;1621.96;0.118543;-0.0618221;-0.0247767;0.990713;0.7;0.7
9;-99.6263;-236.617;1563.96;-0.0529247;-0.0187289;-0.00936996;0.998379;0.7;0.7
10;101.73;-249.568;1587.65;0.00295079;-0.391538;-0.0183907;0.919973;0.7;0.7
11;-107.398;-610.048;1603.52;-0.0876716;-0.0157369;0.0205625;0.995813;0.7;0
12;89.8884;-624.909;1580.2;-0.0689874;-0.385993;0.0405619;0.919024;0.7;0
13;-93.6045;-965.347;1666.82;0;0;0;0;0;0
14;97.58;-981.439;1637.31;0;0;0;0;0;0
1;32852;2
0;15.3327;393.748;1676.18;-0.0113944;-0.0767009;0.00324635;0.996984;0.7;0.7
1;16.4993;146.934;1681.91;-0.0113944;-0.0767009;0.00324635;0.996984;0.7;0.7
2;-151.445;159.463;1657.46;0.0869615;-0.456413;0.38962;0.795186;0.7;0.7
3;184.443;134.405;1706.36;0.132616;0.410168;-0.25579;0.865302;0.7;0.7
4;-219.512;28.0171;1464.37;-0.386963;0.915566;-0.0981081;0.0487194;0.7;0.7
5;315.729;52.114;1514.69;0.288121;0.956822;-0.00129003;0.038422;0.7;0.7
6;-29.0341;224.619;1468.01;0;0;0;0;0.7;0
7;62.045;220.397;1492.02;0;0;0;0;0.7;0
8;9.15041;-46.8966;1633.07;0.121268;-0.0760344;-0.0278885;0.98931;0.7;0.7
9;-100.041;-233.13;1569.4;-0.0655503;-0.0319122;-0.0121449;0.997265;0.7;0.7
10;103.644;-248.325;1599.06;0.0225801;-0.404469;-0.0273249;0.913864;0.7;0.7
11;-110.706;-605.22;1618.19;-0.0910871;-0.0285173;0.0211743;0.995209;0.7;0
12;91.7517;-622.809;1575.26;-0.0626069;-0.398377;0.0380974;0.914289;0.7;0
13;-97.367;-959.895;1684.08;0;0;0;0;0;0
14;98.8927;-979.919;1627.55;0;0;0;0;0;0
1;32853;2
0;15.725;394.886;1676.64;-0.0151312;-0.078016;0.00254396;0.996834;0.7;0.7
1;16.3882;150.378;1684.12;-0.0151312;-0.078016;0.00254396;0.996834;0.7;0.7
2;-150.638;164.085;1659.4;0.0918899;-0.454522;0.384532;0.798186;0.7;0.7
3;183.415;136.672;1708.84;0.120606;0.409362;-0.264219;0.864908;0.7;0.7
4;-220.961;35.967;1467.04;-0.383526;0.91787;-0.0960022;0.0347187;0.7;0.7
5;315.082;46.8476;1515.34;0.289989;0.956042;-0.0162556;0.040322;0.7;0.7
6;-31.4705;227.428;1464.37;0;0;0;0;0.7;0
7;61.7247;215.997;1488.88;0;0;0;0;0.7;0
8;7.68661;-43.4271;1635.45;0.120534;-0.0775861;-0.0314448;0.989173;0.7;0.7
9;-103.417;-228.829;1571.62;-0.0715389;-0.0321382;-0.00798159;0.996888;0.7;0.7
10;101.387;-245.636;1601.93;0.020559;-0.405846;-0.0208692;0.913472;0.7;0.7
11;-110.044;-548.594;1617.54;-0.0934097;-0.0285672;0.027893;0.994827;0.7;0.7
12;93.3379;-620.419;1581.47;-0.0541685;-0.401383;0.0331829;0.913705;0.7;0
13;-89.3991;-952.355;1694.69;0;0;0;0;0.7;0
14;99.5303;-978.494;1626.82;0;0;0;0;0;0
1;32854;2
0;16.1414;396.203;1676.64;-0.0133094;-0.0810283;0.000146775;0.996623;0.7;0.7
1;15.6905;154.427;1683.06;-0.0133094;-0.0810283;0.000146775;0.996623;0.7;0.7
2;-151.923;168.383;1657.17;0.0890413;-0.449685;0.386874;0.800115;0.7;0.7
3;183.304;140.471;1708.95;0.116557;0.401225;-0.269737;0.867568;0.7;0.7
4;-223.392;38.3392;1466.93;-0.386184;0.916584;-0.0919872;0.047682;0.7;0.7
5;319.865;44.4338;1514.3;0.293111;0.954872;-0.0207315;0.0433015;0.7;0.7
6;-26.0632;241.198;1471.56;0;0;0;0;0.7;0
7;75.9753;209.499;1486.24;0;0;0;0;0.7;0
8;7.13304;-38.7575;1634.33;0.120972;-0.0808009;-0.0315826;0.988858;0.7;0.7
9;-104.541;-223.356;1569.67;-0.0752005;-0.0345221;0.00143932;0.99657;0.7;0.7
10;101.692;-240.528;1601.53;0.0206752;-0.408812;-0.0198452;0.912168;0.7;0.7
11;-105.413;-594.536;1625.98;-0.100489;-0.0323264;0.0227719;0.994152;0.7;0
12;94.4463;-615.339;1581.28;-0.0525834;-0.404592;0.0304478;0.912477;0.7;0
13;-91.4138;-947.86;1698.64;0;0;0;0;0;0
14;99.1449;-973.662;1624.82;0;0;0;0;0;0
1;32855;2
0;16.2632;396.927;1675.88;0.0244887;-0.0420162;-0.00345513;0.998811;0.7;0.7
1;15.0444;145.635;1663.5;0.0244887;-0.0420162;-0.00345513;0.998811;0.7;0.7
2;-154.03;154.756;1650.4;0.086269;-0.4452;0.37486;0.8086;0.7;0.7
3;184.119;136.514;1676.6;0.1461;0.358612;-0.264863;0.883119;0.7;0.7
4;-233.09;24.9955;1458.07;-0.376845;0.920451;-0.0771361;0.0693409;0.7;0.7
5;318.917;55.2932;1517.57;0.302283;0.949979;0.0110985;0.0777325;0.7;0.7
6;-14.2854;243.203;1479.61;0;0;0;0;0.7;0
7;107.668;206.429;1480.58;0;0;0;0;0.7;0
8;8.54359;-42.0633;1616.72;0.120945;-0.0415893;-0.02201;0.991543;0.7;0.7
9;-105.258;-223.973;1561.63;-0.0778431;0.000927227;0.00318271;0.99696;0.7;0.7
10;109.344;-235.55;1578.26;-0.0286468;-0.373062;-0.0144941;0.927251;0.7;0.7
11;-103.023;-564.205;1615.09;-0.100733;0.00277021;0.0222575;0.994661;0.7;0.7
12;93.963;-553.643;1591.75;-0.035551;-0.372028;0.0277081;0.927127;0.7;0.7
13;-85.006;-957.494;1695.56;0;0;0;0;0.7;0
14;105.457;-1012.9;1631.65;0;0;0;0;0.7;0
1;32856;2
0;16.5894;397.493;1676.36;0.0218742;-0.0413316;-0.00816177;0.998873;0.7;0.7
1;12.957;147.202;1665.24;0.0218742;-0.0413316;-0.00816177;0.998873;0.7;0.7
2;-156.997;156.851;1652.26;0.102325;-0.459564;0.370254;0.800776;0.7;0.7
3;182.911;137.552;1678.22;0.144786;0.338002;-0.299267;0.880472;0.7;0.7
4;-234.551;29.3264;1444.77;-0.37971;0.918714;-0.0581268;0.0916869;0.7;0.7
5;310.791;44.9184;1531.03;0.332196;0.935963;-0.0130336;0.115975;0.7;0.7
6;-17.0105;251.101;1483.7;0;0;0;0;0.7;0
7;112.265;208.201;1471.46;0;0;0;0;0.7;0
8;6.17975;-45.1215;1611.01;0.1361;-0.0415581;-0.0228428;0.989559;0.7;0.7
9;-106.555;-231.429;1548.68;-0.086129;0.000825741;0.00745727;0.996256;0.7;0.7
10;105.36;-243.461;1564.86;-0.0585391;-0.371448;-0.00213887;0.926604;0.7;0.7
11;-101.297;-576.734;1608.83;-0.0958829;0.00257033;0.0263888;0.995039;0.7;0.7
12;91.0241;-543.505;1597.16;-0.0280132;-0.370897;0.0264153;0.927876;0.7;0.7
13;-80.5762;-959.892;1683.37;0;0;0;0;0.7;0
14;103.614;-987.98;1629.07;0;0;0;0;0.7;0
1;32857;2
0;17.2641;398.64;1675.79;0.00456597;-0.0180192;-0.0146183;0.99972;0.7;0.7
1;9.69246;138.246;1673.28;0.00456597;-0.0180192;-0.0146183;0.99972;0.7;0.7
2;-161.935;144.951;1667.38;0.182974;-0.455338;0.380119;0.784026;0.7;0.7
3;181.32;131.541;1679.18;0.140039;0.348348;-0.289072;0.880614;0.7;0.7
4;-239.083;33.1633;1445.3;-0.421865;0.903924;6.32817e-05;0.0703616;0.7;0.7
5;315.292;38.1166;1521.53;0.321071;0.941942;-0.00933036;0.0978327;0.7;0.7
6;-43.2791;268.643;1484.59;0;0;0;0;0.7;0
7;92.0553;211.89;1466.69;0;0;0;0;0.7;0
8;4.45283;-48.777;1613.18;0.154491;-0.0199848;-0.0166244;0.987652;0.7;0.7
9;-109.006;-231.572;1549.36;-0.0910486;0.0185746;0.00846871;0.995637;0.7;0.7
10;107.433;-240.027;1556.8;-0.0638395;-0.353093;-0.00593427;0.933389;0.7;0.7
11;-101.406;-600.69;1617.3;-0.0862768;0.019688;0.020746;0.995861;0.7;0
12;90.1851;-544.617;1592.11;-0.0216662;-0.352696;0.0258433;0.93513;0.7;0.7
13;-85.2651;-955.963;1679.03;0;0;0;0;0;0
14;104.568;-978.823;1617.68;0;0;0;0;0.7;0
1;32858;2
0;17.8439;399.31;1675.11;0.0511654;0.0168516;-0.0245294;0.998247;0.7;0.7
1;4.00503;128.096;1647.45;0.0511654;0.0168516;-0.0245294;0.998247;0.7;0.7
2;-164.605;129.934;1652.43;0.241497;-0.394663;0.400271;0.791014;0.7;0.7
3;172.615;126.258;1642.48;0.191343;0.235141;-0.316565;0.898823;0.7;0.7
4;-258.393;17.1436;1444.06;-0.464198;0.883348;0.0552996;0.0340234;0.7;0.7
5;315.409;26.9669;1529.77;0.365292;0.921256;0.0581985;0.120261;0.7;0.7
6;-81.4592;272.006;1478.85;0;0;0;0;0.7;0
7;109.884;227.488;1477.5;0;0;0;0;0.7;0
8;0.513393;-57.8282;1597.81;0.130189;0.0139117;-0.00732273;0.991364;0.7;0.7
9;-114.492;-242.537;1551.46;-0.0986304;0.0483849;0.00767836;0.993917;0.7;0.7
10;108.535;-244.968;1544.88;-0.0711171;-0.325444;-0.00628446;0.942862;0.7;0.7
11;-105.189;-610.207;1624.7;-0.0801934;0.0487476;0.0094976;0.995541;0.7;0
12;90.5542;-551.088;1585.09;-0.032969;-0.324847;0.0269607;0.944807;0.7;0.7
13;-95.5505;-966.092;1681.94;0;0;0;0;0;0
14;103.271;-980.241;1619.46;0;0;0;0;0.7;0
1;32859;2
0;18.4663;400.289;1673.66;0.0968713;0.00657394;-0.0371803;0.994581;0.7;0.7
1;-3.03276;120.669;1618.73;0.0968713;0.00657394;-0.0371803;0.994581;0.7;0.7
2;-173.03;120.937;1619.79;0.243419;-0.294979;0.434659;0.815357;0.7;0.7
3;166.965;120.402;1617.68;0.261732;0.124999;-0.324835;0.900196;0.7;0.7
4;-260.862;10.1576;1484.03;-0.495315;0.86571;0.0533306;-0.0486343;0.7;0.7
5;321.841;14.237;1536.92;0.390716;0.893775;0.14616;0.164754;0.7;0.7
6;-105.839;275.225;1474.39;0;0;0;0;0.7;0
7;134.787;232.308;1484.26;0;0;0;0;0.7;0
8;-3.55097;-63.7024;1581.91;0.0984163;0.00300451;-0.00108772;0.99514;0.7;0.7
9;-116.121;-247.898;1545.77;-0.0990186;0.0360208;0.00144407;0.994432;0.7;0.7
10;107.983;-248.25;1544.39;-0.0748596;-0.338519;-0.00624426;0.937956;0.7;0.7
11;-112.369;-615.553;1619.59;-0.0941022;0.0378259;0.0202128;0.994638;0.7;0
12;88.1718;-562.174;1587.63;-0.0427184;-0.33742;0.035415;0.939717;0.7;0.7
13;-95.3034;-969.46;1686.54;0;0;0;0;0;0
14;104.156;-983.181;1631.77;0;0;0;0;0.7;0
1;32860;2
0;18.5551;400.943;1671.95;0.0979781;0.021585;-0.0340571;0.994371;0.7;0.7
1;-1.88968;122.946;1617.01;0.0979781;0.021585;-0.0340571;0.994371;0.7;0.7
2;-169.912;123.179;1623.28;0.200457;-0.285494;0.391148;0.851653;0.7;0.7
3;166.133;122.712;1610.74;0.335943;0.053402;-0.311579;0.887248;0.7;0.7
4;-267.639;21.6256;1504.92;-0.439357;0.891478;0.0120533;-0.109943;0.7;0.7
5;335.765;13.1025;1546.26;0.394934;0.865208;0.232309;0.203657;0.7;0.7
6;-114.165;226.169;1456.66;0;0;0;0;0.7;0
7;155.268;245.18;1495.88;0;0;0;0;0.7;0
8;-3.51512;-61.708;1580.32;0.0979653;0.0184917;-0.0025178;0.995015;0.7;0.7
9;-115.359;-246.209;1547.75;-0.093018;0.0510857;-0.00133905;0.994352;0.7;0.7
10;105.078;-246.515;1539.52;-0.0947816;-0.322826;0.00143338;0.941699;0.7;0.7
11;-112.794;-614.729;1617.17;-0.10024;0.0535243;0.0230741;0.993255;0.7;0
12;83.1416;-614.786;1606.81;-0.0353557;-0.321651;0.034497;0.945569;0.7;0
13;-92.3965;-967.686;1688.08;0;0;0;0;0;0
14;98.4645;-973.614;1638.92;0;0;0;0;0;0
1;32861;2
0;20.8835;403.986;1662.04;0.0787802;0.0281398;-0.0360162;0.995844;0.7;0.7
1;-0.795464;123.633;1617.96;0.0787802;0.0281398;-0.0360162;0.995844;0.7;0.7
2;-168.034;124.211;1626.35;0.23375;-0.247906;0.402076;0.849846;0.7;0.7
3;166.443;123.054;1609.57;0.404136;0.0156141;-0.296693;0.865103;0.7;0.7
4;-271.573;18.1006;1512.42;-0.463566;0.873684;0.0375517;-0.142733;0.7;0.7
5;346.206;13.7461;1551.32;0.401446;0.832216;0.300324;0.236776;0.7;0.7
6;-127.544;241.363;1454.04;0;0;0;0;0.7;0
7;175.764;257.976;1505.22;0;0;0;0;0.7;0
8;-3.35365;-61.2204;1579.71;0.101978;0.024751;-0.00427492;0.994469;0.7;0.7
9;-115.784;-245.694;1546.97;-0.0895461;0.0581491;0.00482809;0.994272;0.7;0.7
10;103.961;-246.454;1535.94;-0.110378;-0.315617;0.00465356;0.942433;0.7;0.7
11;-109.085;-575.057;1606.39;-0.108914;0.0598769;0.0227983;0.991984;0.7;0.7
12;84.2432;-562.305;1604.25;-0.0298817;-0.313948;0.0367184;0.948259;0.7;0.7
13;-86.0965;-959.77;1690.55;0;0;0;0;0.7;0
14;105.488;-978.031;1637.54;0;0;0;0;0.7;0
1;32862;2
0;21.4905;404.862;1658.32;0.0660851;0.029715;-0.0367345;0.996695;0.7;0.7
1;-0.535945;122.637;1621.33;0.0660851;0.029715;-0.0367345;0.996695;0.7;0.7
2;-167.407;123.793;1630.21;0.390522;-0.12598;0.424117;0.807308;0.7;0.7
3;166.335;121.481;1612.46;0.438815;-0.0672315;-0.270503;0.854254;0.7;0.7
4;-291.677;4.03986;1521.02;-0.54584;0.789269;0.185583;-0.211356;0.7;0.7
5;351.01;7.52999;1585.67;0.385484;0.79864;0.342247;0.310555;0.7;0.7
6;-198.386;282.656;1482.18;0;0;0;0;0.7;0
7;192.691;264.7;1513.58;0;0;0;0;0.7;0
8;-4.03158;-64.0141;1579.91;0.109174;0.0260212;-0.00633947;0.993662;0.7;0.7
9;-117.525;-249.903;1544.33;-0.0984461;0.0598975;0.0067341;0.993315;0.7;0.7
10;102.471;-251.427;1532.63;-0.104813;-0.313544;0.00521929;0.943757;0.7;0.7
11;-108.083;-617.707;1617.39;-0.101489;0.0617588;0.0253946;0.992593;0.7;0
12;81.5117;-618.274;1608.07;-0.0330626;-0.312199;0.0319301;0.948904;0.7;0
13;-85.379;-970.494;1688.93;0;0;0;0;0;0
14;95.922;-977.432;1637.89;0;0;0;0;0;0
1;32863;2
0;23.7129;405.095;1648.52;0.0353326;0.0383031;-0.0395671;0.997857;0.7;0.7
1;1.1235;130.063;1629.86;0.0353326;0.0383031;-0.0395671;0.997857;0.7;0.7
2;-165.366;131.52;1641.37;0.400347;-0.0918043;0.439614;0.79877;0.7;0.7
3;167.613;128.605;1618.35;0.467876;-0.0983191;-0.253345;0.840977;0.7;0.7
4;-303.115;-13.6567;1526.24;-0.562495;0.769486;0.192711;-0.233136;0.7;0.7
5;361.705;10.6161;1602.02;0.379074;0.775479;0.373356;0.339912;0.7;0.7
6;-225.218;274.291;1483.45;0;0;0;0;0.7;0
7;213.421;269.828;1526.84;0;0;0;0;0.7;0
8;-3.69863;-61.1191;1584.32;0.116987;0.0337563;-0.00837802;0.992524;0.7;0.7
9;-117.426;-251.347;1546.3;-0.0984285;0.067794;0.0075389;0.992804;0.7;0.7
10;100.385;-253.254;1531.25;-0.0522007;-0.308056;-0.00994155;0.949883;0.7;0.7
11;-108.166;-572.013;1609.89;-0.0972872;0.0702876;0.0328433;0.992228;0.7;0.7
12;81.2359;-626.245;1566.15;-0.0775931;-0.303945;0.0431492;0.948544;0.7;0
13;-77.6149;-951.289;1682.9;0;0;0;0;0.7;0
14;93.7479;-981.24;1628.7;0;0;0;0;0;0
1;32864;2
0;24.2476;404.87;1643.13;0.0283923;0.0351176;-0.0411187;0.998133;0.7;0.7
1;1.15174;131.547;1628.35;0.0283923;0.0351176;-0.0411187;0.998133;0.7;0.7
2;-165.473;132.42;1638.68;0.415935;-0.0500922;0.436643;0.796136;0.7;0.7
3;167.776;130.674;1618.02;0.500128;-0.097093;-0.243785;0.825235;0.7;0.7
4;-311.646;-23.2617;1533.16;-0.56465;0.752169;0.211727;-0.265676;0.7;0.7
5;378.654;8.5237;1597.58;0.380246;0.760056;0.406168;0.33579;0.7;0.7
6;-246.194;261.402;1485.65;0;0;0;0;0.7;0
7;224.257;279.193;1533.46;0;0;0;0;0.7;0
8;-2.53632;-57.4799;1584.82;0.113155;0.0304523;-0.00610115;0.993092;0.7;0.7
9;-110.573;-245.96;1547.76;-0.0815633;0.0636159;0.00100276;0.994635;0.7;0.7
10;98.1242;-247.053;1534.82;-0.0225879;-0.312414;-0.0121025;0.9496;0.7;0.7
11;-106.528;-568.567;1600.77;-0.101908;0.0664552;0.0303128;0.992109;0.7;0.7
12;84.1992;-621.91;1548.09;-0.107483;-0.303088;0.0474111;0.945694;0.7;0
13;-78.0261;-946.591;1677.42;0;0;0;0;0.7;0
14;93.0485;-972.862;1631.83;0;0;0;0;0;0
1;32865;2
0;23.9327;403.784;1644.91;0.0256214;0.0132424;-0.0420035;0.998701;0.7;0.7
1;1.01147;134.084;1631.34;0.0256214;0.0132424;-0.0420035;0.998701;0.7;0.7
2;-167.427;136.443;1634.42;0.425835;-0.0229353;0.427456;0.797132;0.7;0.7
3;169.45;131.725;1628.26;0.513391;-0.0917082;-0.253421;0.814737;0.7;0.7
4;-323.847;-26.9983;1535.5;-0.558063;0.745002;0.22939;-0.284461;0.7;0.7
5;379.748;6.95699;1601.01;0.39703;0.748678;0.412504;0.334199;0.7;0.7
6;-260.38;256.599;1486.03;0;0;0;0;0.7;0
7;236.365;277.408;1547.29;0;0;0;0;0.7;0
8;-2.43988;-51.5556;1584.7;0.122818;0.00819989;-0.00806874;0.992363;0.7;0.7
9;-109.709;-235.741;1539.96;-0.0853595;0.0423438;-0.00297128;0.995446;0.7;0.7
10;97.9264;-238.649;1536.17;-0.00464399;-0.333083;-0.0140913;0.942781;0.7;0.7
11;-109.264;-569.223;1597.55;-0.0962847;0.0465777;0.040562;0.993436;0.7;0.7
12;87.2518;-598.345;1535.94;-0.122555;-0.319639;0.0508332;0.938204;0.7;0.7
13;-74.9647;-943.838;1669.37;0;0;0;0;0.7;0
14;93.6109;-958.453;1633.9;0;0;0;0;0.7;0
1;32866;2
0;23.5488;402.805;1644.49;0.0205993;0.00158824;-0.0435722;0.998837;0.7;0.7
1;0.466198;139.05;1633.62;0.0205993;0.00158824;-0.0435722;0.998837;0.7;0.7
2;-169.005;143.951;1632.97;0.425431;-0.00690334;0.429557;0.796519;0.7;0.7
3;169.938;134.149;1634.27;0.519261;-0.088445;-0.255441;0.810738;0.7;0.7
4;-330.548;-29.7699;1536.57;-0.559946;0.73816;0.227972;-0.299347;0.7;0.7
5;381.294;8.88705;1604.1;0.406256;0.741396;0.412114;0.339779;0.7;0.7
6;-273.802;252.386;1481.89;0;0;0;0;0.7;0
7;245.095;282.656;1551.68;0;0;0;0;0.7;0
8;-4.62528;-43.3572;1585.37;0.128844;-0.00375329;-0.01409;0.991558;0.7;0.7
9;-117.297;-222.653;1536.71;-0.0822795;0.0331146;0.00402255;0.996051;0.7;0.7
10;97.8637;-228.876;1537.54;0.00700989;-0.343686;-0.010484;0.939;0.7;0.7
11;-112.559;-569.863;1594.31;-0.0889484;0.0371708;0.0496832;0.994102;0.7;0.7
12;92.5174;-588.285;1530.21;-0.133721;-0.327088;0.0614252;0.933466;0.7;0.7
13;-72.4144;-942.855;1660.27;0;0;0;0;0.7;0
14;102.643;-944.433;1638.11;0;0;0;0;0.7;0
1;32867;2
0;23.5013;401.615;1637.83;0.00203324;0.00481883;-0.0435956;0.999036;0.7;0.7
1;0.651109;140.351;1636.87;0.00203324;0.00481883;-0.0435956;0.999036;0.7;0.7
2;-168.682;145.964;1637.3;0.423332;-0.0146275;0.427248;0.798771;0.7;0.7
3;169.985;134.737;1636.44;0.527736;-0.0860891;-0.253362;0.806158;0.7;0.7
4;-334.523;-29.2;1536.64;-0.555814;0.744727;0.229829;-0.28919;0.7;0.7
5;382.68;10.7714;1604.52;0.412041;0.733656;0.415836;0.345038;0.7;0.7
6;-273.223;244.888;1486.65;0;0;0;0;0.7;0
7;253.686;283.075;1554.55;0;0;0;0;0.7;0
8;-5.36968;-37.5882;1588.79;0.131512;-0.000924183;-0.0165916;0.991175;0.7;0.7
9;-121.058;-211.891;1540.98;-0.0693328;0.036528;0.0038284;0.996917;0.7;0.7
10;98.2766;-219.163;1540.43;0.0159849;-0.340919;-0.00557498;0.93994;0.7;0.7
11;-116.49;-568.107;1590.6;-0.102226;0.0412359;0.0520998;0.99254;0.7;0.7
12;98.4273;-578.669;1528.25;-0.14216;-0.323039;0.059442;0.933757;0.7;0.7
13;-74.7384;-931.552;1664.75;0;0;0;0;0.7;0
14;105.535;-931.989;1640.97;0;0;0;0;0.7;0
1;32868;2
0;22.7685;400.747;1634.39;-0.00892243;0.00134465;-0.043124;0.999029;0.7;0.7
1;0.186925;139.615;1639.1;-0.00892243;0.00134465;-0.043124;0.999029;0.7;0.7
2;-169.522;144.239;1638.13;0.430139;-0.0154839;0.414995;0.801574;0.7;0.7
3;169.896;134.99;1640.06;0.542827;-0.0839821;-0.247827;0.79804;0.7;0.7
4;-344.511;-29.9209;1536.14;-0.547438;0.747183;0.239899;-0.290651;0.7;0.7
5;382.931;14.8477;1606.74;0.417491;0.722052;0.426357;0.350088;0.7;0.7
6;-277.426;247.353;1486.42;0;0;0;0;0.7;0
7;259.348;289.046;1561.24;0;0;0;0;0.7;0
8;-4.37805;-38.357;1589.07;0.136494;-0.00467568;-0.0131049;0.990543;0.7;0.7
9;-115.631;-213.421;1538.44;-0.0783417;0.030976;-0.00812388;0.996412;0.7;0.7
10;97.7445;-219.236;1539.65;0.010555;-0.345313;0.0219722;0.938171;0.7;0.7
11;-119.888;-584.327;1597.26;-0.104054;0.0369076;0.0469805;0.992776;0.7;0
12;115.966;-594.355;1537.91;-0.119987;-0.338867;0.0366647;0.932431;0.7;0
13;-83.4281;-936.034;1670.62;0;0;0;0;0;0
14;111.291;-944.107;1627.69;0;0;0;0;0;0
1;32869;2
0;21.7685;400.304;1632.46;-0.013679;0.0138045;-0.0437405;0.998854;0.7;0.7
1;-0.989044;139.83;1639.92;-0.013679;0.0138045;-0.0437405;0.998854;0.7;0.7
2;-171.124;141.448;1642.83;0.444381;-0.0116275;0.418468;0.792007;0.7;0.7
3;169.145;138.213;1637.02;0.559722;-0.0926915;-0.242202;0.787056;0.7;0.7
4;-344.059;-32.2933;1538.9;-0.560452;0.731591;0.241834;-0.303618;0.7;0.7
5;381.146;19.4093;1606.35;0.422096;0.705399;0.44021;0.361194;0.7;0.7
6;-290.339;244.849;1489.26;0;0;0;0;0.7;0
7;265.47;295.491;1564.66;0;0;0;0;0.7;0
8;-3.60449;-45.1051;1589.69;0.132267;0.00782626;-0.00583979;0.991166;0.7;0.7
9;-108.574;-229.068;1541.2;-0.0807965;0.0403365;-0.0143971;0.99581;0.7;0.7
10;96.1344;-231.014;1537.71;-0.0149039;-0.335047;0.0163478;0.941942;0.7;0.7
11;-116.897;-599.678;1602.09;-0.104409;0.0462969;0.0394662;0.992672;0.7;0
12;103.952;-606.317;1552.37;-0.103193;-0.329905;0.0453675;0.93726;0.7;0
13;-85.1021;-951.899;1675.65;0;0;0;0;0;0
14;110.077;-958.359;1633.06;0;0;0;0;0;0
1;32870;2
0;20.7871;400.943;1631.15;-0.016765;0.0222605;-0.0434055;0.998669;0.7;0.7
1;-1.81547;139.105;1640.46;-0.016765;0.0222605;-0.0434055;0.998669;0.7;0.7
2;-172.074;139.403;1646.11;0.446754;-0.0121062;0.41491;0.792537;0.7;0.7
3;168.443;138.807;1634.82;0.570307;-0.0999837;-0.23869;0.779603;0.7;0.7
4;-346.742;-32.9826;1542.19;-0.558045;0.732369;0.245611;-0.303143;0.7;0.7
5;379.952;20.0654;1606.4;0.427433;0.69181;0.446681;0.373063;0.7;0.7
6;-291.197;244.571;1493.39;0;0;0;0;0.7;0
7;273.04;297.567;1566.09;0;0;0;0;0.7;0
8;-3.81644;-47.3448;1589.94;0.131984;0.0163043;-0.00305416;0.991113;0.7;0.7
9;-108.023;-233.616;1542.81;-0.0809176;0.0478451;-0.0120101;0.995499;0.7;0.7
10;96.3879;-233.974;1536.03;-0.00248118;-0.32735;0.0193709;0.944701;0.7;0.7
11;-114.098;-604.339;1603.78;-0.102874;0.0526264;0.0323975;0.992773;0.7;0
12;109.53;-609.439;1542.56;-0.11219;-0.322002;0.0380575;0.939297;0.7;0
13;-86.945;-957.233;1676.34;0;0;0;0;0;0
14;109.257;-960.597;1627.56;0;0;0;0;0;0
1;32871;2
0;19.8019;401.728;1634.03;-0.0116267;0.0295408;-0.0415878;0.99863;0.7;0.7
1;-2.13957;136.36;1640.87;-0.0116267;0.0295408;-0.0415878;0.99863;0.7;0.7
2;-171.712;139.277;1649.29;0.430816;-0.0194345;0.400037;0.808697;0.7;0.7
3;167.433;133.442;1632.44;0.579856;-0.101476;-0.237279;0.772767;0.7;0.7
4;-350.014;-26.1842;1550.55;-0.538997;0.748916;0.234763;-0.305766;0.7;0.7
5;379.421;14.9747;1603.5;0.436754;0.67888;0.449199;0.382867;0.7;0.7
6;-295.163;198.655;1502.1;0;0;0;0;0.7;0
7;281.428;297.212;1565.1;0;0;0;0;0.7;0
8;-7.86055;-46.2916;1588.96;0.13827;0.0233896;-0.0119425;0.990046;0.7;0.7
9;-124.704;-227.031;1542.58;-0.0678467;0.0589977;0.0128462;0.995867;0.7;0.7
10;97.5408;-230.854;1531.53;0.0621546;-0.318455;0.0203574;0.945679;0.7;0.7
11;-112.078;-599.297;1592.8;-0.106211;0.0600163;0.0301355;0.992073;0.7;0
12;126.891;-603.49;1492.22;-0.173904;-0.300454;0.0355689;0.937134;0.7;0
13;-85.8621;-951.882;1667.65;0;0;0;0;0;0
14;113.218;-942.111;1617.74;0;0;0;0;0;0
1;32872;2
0;18.5333;402.39;1630.64;-0.0173783;0.0277202;-0.0412443;0.998613;0.7;0.7
1;-3.15624;137.036;1640.5;-0.0173783;0.0277202;-0.0412443;0.998613;0.7;0.7
2;-173.483;138.082;1648.01;0.432952;-0.0149053;0.397236;0.809032;0.7;0.7
3;167.171;135.99;1632.98;0.58681;-0.109656;-0.233358;0.767577;0.7;0.7
4;-352.679;-26.9362;1551.58;-0.539743;0.744128;0.23221;-0.31785;0.7;0.7
5;379.267;16.876;1607.17;0.446303;0.661725;0.446783;0.404128;0.7;0.7
6;-302.461;194.86;1499.71;0;0;0;0;0.7;0
7;298.816;295.329;1567.37;0;0;0;0;0.7;0
8;-6.67261;-44.8778;1586.11;0.144897;0.0213659;-0.00622981;0.989196;0.7;0.7
9;-120.549;-226.114;1536.59;-0.062605;0.0548434;0.00435945;0.996521;0.7;0.7
10;100.171;-227.469;1526.85;0.0605663;-0.320358;0.00691885;0.945333;0.7;0.7
11;-115.257;-563.683;1578.88;-0.105313;0.0574978;0.0343647;0.992181;0.7;0.7
12;119.675;-600.561;1485.48;-0.163404;-0.299444;0.0416167;0.939096;0.7;0
13;-81.7426;-970.787;1664.45;0;0;0;0;0.7;0
14;112.556;-941.436;1605.41;0;0;0;0;0;0
1;32873;2
0;16.6216;403.412;1628.67;-0.0199353;0.0251932;-0.0404748;0.998664;0.7;0.7
1;-4.72805;137.085;1639.87;-0.0199353;0.0251932;-0.0404748;0.998664;0.7;0.7
2;-175.892;136.687;1646.35;0.419165;-0.0171072;0.394461;0.817562;0.7;0.7
3;166.436;137.483;1633.38;0.587386;-0.134644;-0.217056;0.767943;0.7;0.7
4;-355.091;-27.5228;1552.96;-0.543606;0.732768;0.189186;-0.362976;0.7;0.7
5;379.736;16.9018;1621.56;0.444653;0.6394;0.44093;0.44613;0.7;0.7
6;-322.584;181.176;1480.06;0;0;0;0;0.7;0
7;320.199;294.267;1570.12;0;0;0;0;0.7;0
8;-6.41817;-44.807;1584.12;0.148207;0.018904;-0.00165873;0.988774;0.7;0.7
9;-117.796;-226.954;1532.53;-0.0632797;0.0509078;-0.000348617;0.996696;0.7;0.7
10;101.579;-226.444;1524.21;0.0547329;-0.323006;0.00384345;0.944805;0.7;0.7
11;-115.863;-560.468;1574.95;-0.105647;0.0548941;0.0397886;0.99209;0.7;0.7
12;115.006;-539.592;1492.41;-0.166717;-0.301056;0.040538;0.938045;0.7;0.7
13;-77.8069;-970.051;1661.22;0;0;0;0;0.7;0
14;104.285;-954.311;1641;0;0;0;0;0.7;0
1;32874;2
0;15.1299;403.522;1627.09;-0.0212031;0.0132714;-0.0409585;0.998848;0.7;0.7
1;-6.90027;133.567;1638.87;-0.0212031;0.0132714;-0.0409585;0.998848;0.7;0.7
2;-179.759;133.202;1641.34;0.394441;-0.0278527;0.345181;0.85117;0.7;0.7
3;165.959;133.933;1636.4;0.585375;-0.154003;-0.201423;0.770096;0.7;0.7
4;-383.168;-18.1583;1555.79;-0.494701;0.754448;0.173218;-0.395063;0.7;0.7
5;380.708;13.0491;1636.74;0.448315;0.612717;0.426906;0.491266;0.7;0.7
6;-338.609;180.233;1460.4;0;0;0;0;0.7;0
7;346.764;298.164;1572.22;0;0;0;0;0.7;0
8;-7.28684;-46.1876;1585.25;0.144443;0.00722427;1.32372e-05;0.989487;0.7;0.7
9;-115.471;-226.17;1533.17;-0.0618696;0.0390275;-0.00303689;0.997316;0.7;0.7
10;100.124;-225.715;1530.09;0.0107759;-0.335162;0.0148471;0.941982;0.7;0.7
11;-115.933;-599.35;1579.67;-0.101495;0.0436903;0.043366;0.99293;0.7;0
12;113.36;-601.527;1526.2;-0.133209;-0.326247;0.031134;0.935333;0.7;0
13;-81.5852;-952.141;1651.18;0;0;0;0;0;0
14;102.99;-949.594;1623.65;0;0;0;0;0;0
1;32875;2
0;14.2025;403.748;1626;-0.0162009;0.0164766;-0.0453261;0.998705;0.7;0.7
1;-10.8141;127.077;1635.41;-0.0162009;0.0164766;-0.0453261;0.998705;0.7;0.7
2;-185.931;124.755;1638.6;0.477635;0.00999674;0.275606;0.83415;0.7;0.7
3;164.303;129.4;1632.22;0.592231;-0.167681;-0.184097;0.766325;0.7;0.7
4;-406.493;2.66315;1574.46;-0.491457;0.693808;0.250129;-0.46318;0.7;0.7
5;380.919;10.5145;1641.85;0.464868;0.567825;0.41052;0.541245;0.7;0.7
6;-380.555;272.365;1457.31;0;0;0;0;0.7;0
7;386.261;297.571;1573.06;0;0;0;0;0.7;0
8;-9.40266;-51.2095;1583.12;0.142105;0.00996555;0.00526808;0.989788;0.7;0.7
9;-115.881;-230.928;1532.81;-0.0556661;0.0401735;-0.00498408;0.997628;0.7;0.7
10;99.8982;-228.065;1528.87;0.0102727;-0.33315;0.00636952;0.942797;0.7;0.7
11;-117.938;-604.619;1574.72;-0.107707;0.0448075;0.0382061;0.992437;0.7;0
12;106.988;-603.996;1523.18;-0.127843;-0.323585;0.0266679;0.937143;0.7;0
13;-87.0284;-956.751;1650.78;0;0;0;0;0;0
14;95.1458;-953.239;1616.06;0;0;0;0;0;0
1;32876;2
0;13.0602;403.453;1625.02;-0.00541852;0.014344;-0.0543055;0.998407;0.7;0.7
1;-17.9822;118.482;1628.57;-0.00541852;0.014344;-0.0543055;0.998407;0.7;0.7
2;-188.976;113.051;1630.25;0.503797;0.00730173;0.234573;0.831331;0.7;0.7
3;153.011;123.913;1626.88;0.611419;-0.169661;-0.132184;0.761518;0.7;0.7
4;-422.733;8.66251;1571.35;0.507794;-0.622041;-0.22579;0.55157;0.7;0.7
5;384.341;19.7071;1651.55;0.482065;0.493401;0.398646;0.604358;0.7;0.7
6;-462.539;291.031;1424.89;0;0;0;0;0.7;0
7;445.25;318.383;1585.41;0;0;0;0;0.7;0
8;-12.7194;-62.7564;1578.46;0.134312;0.00701105;0.0150689;0.9908;0.7;0.7
9;-117.304;-247.483;1529.44;-0.0526943;0.0346685;-0.0063677;0.997988;0.7;0.7
10;102.391;-240.505;1527.28;0.00657885;-0.337068;0.00687072;0.941432;0.7;0.7
11;-120.711;-621.51;1569.17;-0.121833;0.039795;0.0353089;0.991124;0.7;0
12;108.926;-616.583;1524.36;-0.111837;-0.330376;0.0197478;0.936992;0.7;0
13;-91.8895;-971.55;1655.5;0;0;0;0;0;0
14;95.5834;-968.932;1604.88;0;0;0;0;0;0
1;32877;2
0;11.9359;403.013;1623.79;-0.00542406;0.00871948;-0.0534086;0.99852;0.7;0.7
1;-18.5962;118.152;1627.16;-0.00542406;0.00871948;-0.0534086;0.99852;0.7;0.7
2;-194.469;113.657;1627.3;0.512721;-0.0214709;0.170918;0.841096;0.7;0.7
3;157.277;122.647;1627.03;0.605799;-0.167535;-0.0881869;0.772762;0.7;0.7
4;-446.523;42.5149;1570.66;0.512219;-0.523789;-0.172418;0.658445;0.7;0.7
5;398.818;34.368;1666.6;0.491705;0.42617;0.364686;0.66604;0.7;0.7
6;-589.111;320.405;1383.93;0;0;0;0;0.7;0
7;521.895;334.75;1597.2;0;0;0;0;0.7;0
8;-13.8719;-68.1754;1579.08;0.125884;0.00199758;0.0126246;0.991963;0.7;0.7
9;-121.09;-257.364;1531.09;-0.0483214;0.0304733;-0.000655439;0.998367;0.7;0.7
10;102.795;-251.642;1530.91;0.0394905;-0.340954;-0.0234893;0.938956;0.7;0.7
11;-120.475;-631.529;1567.37;-0.131977;0.0340949;0.0301614;0.990207;0.7;0
12;98.1463;-521.039;1506.51;-0.118972;-0.323895;0.0342224;0.937959;0.7;0.7
13;-95.6308;-979.742;1661.1;0;0;0;0;0;0
14;93.127;-899.064;1602.2;0;0;0;0;0.7;0
FileEnding
